-3
0
0
0
0
0
0
0
0
0
0
0
0
0
0
0
0
0
0
0
1
0
0
0
0
0
0
0
0
0
0
0
0
0
0
0
0
0
0
0
0
0
0
0
0
0
0
0
0
0
0
0
0
0
0
0
0
0
0
0
0
0
0
0
0
0
0
0
0
0
0
0
0
0
0
0
0
0
0
0
0
0
0
0
0
0
0
0
0
0
0
0
0
0
0
0
0
0
0
0
0
0
0
0
0
0
0
0
0
0
0
0
0
0
0
0
0
0
0
0
0
0
0
0
0
0
0
0
0
0
0
0
0
0
0
0
0
0
0
0
0
5040156
0
0
0
0
0
0
6986560
1978811968
65535
0
0
0
0
0
0
5040156
0
0
0
0
0
0
6986560
1978811904
65535
0
0
0
0
0
0
5040156
0
0
0
0
0
0
6986560
1978811936
65535
0
0
0
0
0
0
0
0
0
0
0
0
0
0
0
0
0
0
0
0
0
0
0
0
0
0
0
0
0
0
0
0
0
0
0
0
0
0
0
0
0
0
0
0
0
0
0
0
0
0
0
0
0
0
0
0
0
0
0
0
0
0
0
0
0
0
0
0
0
0
0
0
0
0
0
0
0
0
0
0
0
0
0
0
0
0
0
0
0
0
0
0
0
0
0
0
0
0
0
0
0
0
5040092
0
0
0
0
0
0
6986560
1978811968
4294967295
0
0
0
0
0
0
5040092
0
0
0
0
0
0
6986560
1978811904
4294967295
0
0
0
0
0
0
5040092
0
0
0
0
0
0
6986560
1978811936
4294967295
0
0
0
0
0
0
5042436
5042456
6
0
4098
0
0
0
0
0
0
0
0
0
0
0
0
0
0
0
0
0
0
0
0
0
8
6982088
6986560
0
0
6981280
6984736
6984672
6984680
0
0
0
0
0
5042436
5042456
6
0
12290
0
0
0
0
0
0
0
0
0
0
0
0
0
0
0
0
0
0
0
0
0
8
6982248
6986560
6982368
0
6981280
6984736
6984672
6984680
0
0
0
0
0
5042436
5042456
6
0
4098
0
0
0
0
0
0
0
0
0
0
0
0
0
0
0
0
0
0
0
0
0
8
6982408
6986560
0
0
6981408
6984736
6984672
6984680
0
0
0
0
0
5042396
0
5042416
6
0
4098
0
0
0
0
0
0
0
0
0
0
0
0
0
0
0
0
0
0
0
0
0
8
6982572
6986560
6982368
0
6981344
6984736
6984672
6984680
0
0
0
0
5041556
5041576
6
0
4098
0
0
0
0
0
0
0
0
0
0
0
0
0
0
0
0
0
0
0
0
0
8
6982728
6986560
0
0
6981856
6985600
6985560
6985568
0
0
0
0
0
5041556
5041576
6
0
12290
0
0
0
0
0
0
0
0
0
0
0
0
0
0
0
0
0
0
0
0
0
8
6982888
6986560
6983008
0
6981856
6985600
6985560
6985568
0
0
0
0
0
5041556
5041576
6
0
4098
0
0
0
0
0
0
0
0
0
0
0
0
0
0
0
0
0
0
0
0
0
8
6983048
6986560
0
288
6981984
6985600
6985560
6985568
0
0
0
0
0
5041516
0
5041536
6
0
4098
0
0
0
0
0
0
0
0
0
0
0
0
0
0
0
0
0
0
0
0
0
8
6983212
6986560
6983008
0
6981920
6985600
6985560
6985568
0
0
0
0
46
1
0
1
6986560
6986560
0
0
0
0
11
0
15
1
0
0
0
0
0
0
0
0
0
0
5043340
1
5018572
5018572
5018590
5018590
5018608
5018608
5018610
5018616
5018608
5018622
5018636
5018650
5018666
5018686
5018704
5018718
5018736
5018744
5018752
5018760
5018768
5018776
5018784
5018792
5018808
5018826
5018838
5018850
5018858
5018868
5018878
5018892
5018912
5018928
5018946
5018964
5018972
5018980
5018988
5018850
5018996
5019004
5019012
5019020
5019028
5019036
5019044
0
0
0
0
0
0
0
5043616
1
5018292
0
3014656
44
5018294
0
5018294
0
5018294
0
0
67109634
67109634
3145773
3276849
3407923
3538997
3670071
57
0
0
0
5043632
1
5018292
0
3014656
44
5018294
0
5018294
0
5018294
0
0
67109634
67109634
3145773
3276849
3407923
3538997
3670071
57
0
0
0
5043288
1
5018296
0
0
5018308
4
5018318
5
2883630
2818093
5767288
3211312
3342386
3473460
3604534
3735608
6422625
6553699
6684773
3211312
3342386
3473460
3604534
3735608
4325441
4456515
4587589
2818093
5767288
3211312
3342386
3473460
3604534
3735608
6422625
6553699
6684773
4325441
4456515
4587589
0
0
0
0
0
0
0
5043324
1
5018332
5018332
5018341
5018341
5018350
5018350
5018351
5018354
5018350
5018357
5018364
5018371
5018379
5018389
5018398
5018405
5018414
5018418
5018422
5018426
5018430
5018434
5018438
5018442
5018450
5018459
5018465
5018471
5018475
5018480
5018485
5018492
5018502
5018510
5018519
5018528
5018532
5018536
5018540
5018471
5018544
5018548
5018552
5018556
5018560
5018564
5018568
0
0
0
0
0
0
0
5043584
1
5018292
0
2895360
5018292
0
5018292
0
5018292
0
0
67109634
67109634
842084397
909456435
3749943
0
0
0
0
0
0
0
5043600
1
5018292
0
2895360
5018292
0
5018292
0
5018292
0
0
67109634
67109634
842084397
909456435
3749943
0
0
0
0
0
0
0
5043272
1
5018296
0
0
5018297
4
5018302
5
724380718
825251960
892613426
959985462
1684234849
825255525
892613426
959985462
1145258561
724387397
825251960
892613426
959985462
1684234849
1111582309
1178944579
0
5044480
2
5044524
2
5041148
2
0
0
5045192
2
5041292
2
5041836
2
6983424
0
5006932
5041408
2
5041360
2
5040480
2
6983648
5040532
2
6983744
5044612
2
0
5044880
2
5044772
2
5041212
2
6983840
5041092
2
0
0
0
0
0
0
0
5044416
2
0
33619969
100992003
168364039
235736075
303108111
370480147
437852183
505224219
572596255
639968291
707340327
774712363
842084399
909456435
976828471
1044200507
1111572543
1178944579
1246316615
1313688651
1381060687
1448432723
1515804759
1583176795
1650548831
1717920867
1785292903
1852664939
1920036975
1987409011
2054781047
2122153083
127
131073
262147
393221
524295
655369
786443
917517
1048591
1179665
1310739
1441813
1572887
1703961
1835035
1966109
2097183
2228257
2359331
2490405
2621479
2752553
2883627
3014701
3145775
3276849
3407923
3538997
3670071
3801145
3932219
4063293
4194367
4325441
4456515
4587589
4718663
4849737
4980811
5111885
5242959
5374033
5505107
5636181
5767255
5898329
6029403
6160477
6291551
6422625
6553699
6684773
6815847
6946921
7077995
7209069
7340143
7471217
7602291
7733365
7864439
7995513
8126587
8257661
548143231
538574977
538837394
538976294
46538785
23076912
22159417
24969357
9437327
538517528
538779676
538124322
47980564
23142690
22224954
25034909
10486136
10616993
10748067
10879141
11010215
11141289
11272363
11403437
11534511
11665585
11796659
11927733
12058807
12189881
12320955
12452029
12583103
12714177
12845251
12976325
13107399
13238473
13369547
13500621
13631695
13762769
13893843
14024917
14155991
14287065
14418139
14549213
14680287
14811361
14942435
15073509
15204583
15335657
15466731
15597805
15728879
15859953
15991027
16122101
16253175
16384249
16515323
16646397
65791
262146
1048584
4194336
16777344
67109376
268437504
1073750016
98304
16973826
8388612
22478856
2097152
16
0
0
0
5041120
2
0
0
5045172
2
5041248
2
5041820
2
6984032
0
5006932
5041384
2
5041336
2
5040376
2
6984256
5040428
2
6984352
5044568
2
0
5044832
2
5044712
2
5041176
2
6984448
5041064
2
0
5044368
2
0
0
0
0
5015040
33619969
100992003
168364039
235736075
303108111
370480147
437852183
505224219
572596255
639968291
707340327
774712363
842084399
909456435
976828471
1044200507
1111572543
1178944579
1246316615
1313688651
1381060687
1448432723
1515804759
1583176795
1650548831
1717920867
1785292903
1852664939
1920036975
1987409011
2054781047
2122153083
2189525119
2256897155
2324269191
2391641227
2459013263
2526385299
2593757335
2661129371
2728501407
2795873443
2863245479
2930617515
2997989551
3065361587
3132733623
3200105659
3267477695
3334849731
3402221767
3469593803
3536965839
3604337875
3671709911
3739081947
3806453983
3873826019
3941198055
4008570091
4075942127
4143314163
4210686199
4278058235
255
0
0
0
0
0
0
0
0
0
0
0
0
0
0
0
0
0
0
0
0
0
0
0
0
0
0
0
0
0
0
0
0
0
0
0
0
0
0
0
0
0
0
0
0
0
0
0
0
0
0
0
0
0
0
0
0
0
0
0
0
0
0
0
0
0
0
6984448
0
0
0
6984256
6984352
0
0
6984032
0
0
0
0
0
6983840
0
0
0
6983648
6983744
0
0
6983424
0
0
0
0
0
6984448
0
6984256
6984352
0
0
0
0
6983840
0
6983648
6983744
0
0
0
0
0
0
6985600
6985548
6985576
6985568
6985560
6985588
6985524
6985536
6985516
6985508
6985488
6985480
6985472
6985456
6984736
6984660
6984688
6984680
6984672
6984700
6984636
6984648
6984628
6984620
6984600
6984592
6984584
6984568
6984560
6984552
6986816
6986828
6986792
6986804
6986784
6986776
6986768
6986752
6986728
6986740
6986704
6986716
6986696
6986688
6986680
6986664
67
0
0
6986520
0
0
0
0
0
0
20
6986336
46
6986144
6986532
0
0
0
0
0
240016
42205256
42205256
18944
0
0
0
0
0
0
0
0
16
2
30
29
5044992
2
0
0
5045132
2
5045356
2
5045308
2
5041716
2
6983648
5041768
2
6983744
5045056
2
6983840
5044684
2
0
5044964
2
0
0
5045092
2
5045332
2
5045284
2
5041612
2
6984256
5041664
2
6984352
5045020
2
6984448
5044656
2
0
0
0
0
0
0
0
0
0
0
0
0
0
0
0
0
0
255
1
1
2
1
4294967295
4294967295
0
0
0
33556432
0
0
237808
238000
237824
0
0
0
0
0
0
0
0
0
0
0
0
0
0
0
0
0
0
0
0
0
0
0
0
0
0
0
0
0
0
0
0
0
0
0
0
0
0
0
0
0
0
0
0
0
0
0
0
0
0
0
0
0
0
0
0
0
0
0
0
0
0
0
0
0
0
0
0
0
0
0
0
0
0
0
0
0
0
0
0
0
0
0
0
0
0
0
0
0
0
0
0
0
0
0
0
0
0
0
0
0
0
0
0
0
0
0
0
0
0
0
0
0
0
0
0
0
0
0
0
0
0
0
0
0
0
0
0
0
0
0
0
0
0
0
0
0
0
0
0
0
0
0
0
0
0
0
0
0
0
0
0
0
0
0
0
0
0
0
0
0
0
0
0
0
0
0
0
0
0
0
0
0
0
0
0
0
0
0
0
0
0
0
0
0
0
0
0
0
0
0
0
0
0
0
0
0
0
0
0
0
0
0
0
0
0
0
0
0
0
0
0
0
0
0
0
0
0
0
0
0
0
0
0
0
0
0
0
0
0
0
0
0
0
0
0
0
0
0
0
0
0
0
0
0
0
0
0
0
0
0
0
0
0
0
0
0
0
0
0
0
0
0
0
0
0
0
0
0
0
0
0
0
0
0
0
0
0
0
0
0
0
0
0
0
0
0
0
0
0
0
0
0
0
0
0
0
0
0
0
0
0
0
0
0
0
0
0
0
0
0
0
0
0
0
0
0
0
0
0
0
0
0
0
0
0
0
0
0
0
0
0
0
0
0
0
0
0
0
0
0
0
0
0
0
0
0
0
0
0
0
0
0
0
0
0
0
0
0
0
0
0
0
0
0
0
0
0
0
0
0
0
0
0
0
0
0
0
0
0
0
0
0
0
0
0
0
0
0
0
0
0
0
0
0
0
0
0
0
0
0
0
0
0
0
0
0
0
0
0
0
0
0
0
0
0
0
0
0
0
0
0
0
0
0
0
0
0
0
0
0
0
0
0
0
0
0
0
0
0
0
0
0
0
0
0
0
0
0
0
0
0
0
0
0
0
0
0
0
0
0
0
0
0
0
0
0
0
0
0
0
0
0
0
0
0
0
0
0
0
0
0
0
0
0
0
0
0
0
0
0
0
0
0
0
0
0
0
0
0
0
0
0
0
0
0
0
0
0
0
0
0
0
0
0
0
0
0
0
0
0
0
0
0
0
0
0
0
0
0
0
0
0
0
0
0
0
0
0
0
0
0
0
0
0
0
0
0
0
0
0
0
0
0
0
0
0
0
0
0
0
0
0
0
0
0
0
0
0
0
0
0
0
0
0
0
0
0
0
0
0
0
0
0
0
0
0
0
0
0
0
0
0
0
0
0
0
0
0
0
0
0
0
0
0
0
0
0
0
0
0
0
0
0
0
0
0
0
0
0
0
0
0
0
0
0
0
0
0
200456
0
201488
225320
0
0
0
0
0
0
0
200976
200992
200608
225480
225400
0
0
201008
0
0
0
0
0
0
200920
0
0
0
0
0
0
0
0
0
0
0
0
0
0
0
0
0
0
0
0
0
0
0
0
0
0
0
0
0
0
0
0
0
0
0
0
0
0
0
0
0
0
0
0
0
0
0
0
0
0
0
0
0
0
0
0
0
0
0
0
0
0
0
0
0
0
0
0
0
0
0
0
0
0
0
0
0
0
0
0
0
0
0
0
0
0
0
0
0
0
0
0
0
0
0
0
0
0
0
0
0
0
0
0
0
0
0
0
0
0
0
0
0
0
0
0
0
0
0
0
0
0
0
0
0
0
0
0
0
0
0
0
0
0
0
0
0
0
0
0
0
0
0
0
0
0
0
0
0
0
0
0
0
0
0
0
0
0
0
0
0
0
0
0
0
0
0
0
0
0
0
0
0
0
0
0
0
0
0
0
0
0
0
0
0
0
0
0
0
0
0
0
0
0
0
0
0
0
0
0
0
0
0
0
0
0
0
0
0
0
0
0
0
0
0
0
0
0
0
0
0
0
0
0
0
0
0
0
0
0
0
0
0
0
0
0
0
0
0
0
0
0
0
0
0
0
0
0
0
0
0
0
0
0
0
0
0
0
0
0
0
0
0
0
0
0
0
0
0
0
0
0
0
0
0
0
0
0
0
0
0
0
0
0
0
0
0
0
0
0
0
0
0
0
0
0
0
0
0
0
0
0
0
0
0
0
0
0
0
0
0
0
0
0
0
0
0
0
0
0
0
0
0
0
0
0
0
0
0
0
0
0
0
0
0
0
0
0
0
0
0
0
0
0
0
0
0
0
0
0
0
0
0
0
0
0
0
0
0
0
0
0
0
0
0
0
0
0
0
0
0
0
0
0
0
0
0
0
0
0
0
0
0
0
0
0
0
0
0
0
0
0
0
0
0
0
0
0
0
0
0
0
0
0
0
0
0
0
0
0
0
0
0
0
0
0
0
0
0
0
0
0
0
0
0
0
0
0
0
0
0
0
0
0
0
0
0
0
0
0
0
0
0
0
0
0
0
0
0
0
0
0
0
0
0
0
0
0
0
0
0
0
0
0
0
0
0
0
0
0
0
0
0
0
0
0
0
0
0
0
0
0
0
0
0
0
0
0
0
0
0
0
0
0
0
0
0
0
0
0
0
0
0
0
0
0
0
0
0
0
0
0
0
0
0
0
0
0
0
0
0
0
0
0
0
0
0
0
0
0
0
0
0
0
0
0
0
0
0
0
0
0
0
0
0
0
0
0
0
0
0
0
0
0
0
0
0
0
0
0
0
0
0
0
0
0
0
0
0
0
0
2797708
0
0
2804004
2798532
2797940
0
0
2804052
2798764
2797972
0
0
2804096
2798796
2798000
0
0
2804324
2798824
2798212
0
0
2804352
2799036
2798228
0
0
2804664
2799052
0
0
0
0
0
2799356
2799388
2799452
2799496
2799576
2799604
2799660
2799700
2799740
2799788
2799820
2799856
2799908
2799960
2800000
2800028
2800080
2800128
2800212
2800232
2800252
2800296
2800340
2800376
2800416
2800452
2800480
2800520
2800540
2800572
2800592
2800616
2800640
2800664
2800688
2800732
2800776
2800824
2800864
2800884
2800928
2800976
2800996
2801028
2801128
2801152
2801176
2801216
2801252
2801288
2801320
2801356
2801384
2801412
2801440
2801460
2801480
0
2801500
2801528
2801556
2801576
2801604
2801640
2801676
0
2801712
2801744
2801792
2801820
2801860
2801904
0
2801932
2801944
2801958
2801974
2801990
2802010
2802034
2802052
2802076
2802090
2802102
2802118
2802138
2802158
2802180
2802204
2802220
2802240
2802258
2802284
2802310
2802330
2802350
2802378
2802402
2802424
2802450
2802474
2802494
2802518
2802540
2802556
2802576
2802590
2802606
2802636
2802648
2802664
2802690
2802710
2802730
2802760
2802768
2802784
2802796
2802810
2802824
2802850
2802868
2802884
2802910
2802932
0
2802954
2802964
2802972
0
2802982
2802998
2803014
2803030
2803044
2803062
2803080
2803090
2803106
2803116
2803134
2803146
2803154
2803166
2803176
2803186
2803198
2803206
2803216
2803224
2803234
2803240
2803248
2803258
2803268
2803278
2803286
2803296
2803304
2803312
2803320
2803328
2803338
2803348
2803356
2803366
2803374
2803386
2803400
2803410
2803420
2803430
2803440
2803450
2803460
2803470
2803480
2803488
2803496
2803504
2803514
2803526
2803536
2803546
2803552
2803562
2803572
2803582
2803592
2803602
2803614
2803626
2803636
2803646
2803656
2803666
2803676
2803688
2803700
2803710
2803720
2803732
2803742
2803754
2803764
0
1722151104
1721374816
1721372960
1721382928
1721382272
1721437648
1721437616
1721437680
1721438000
1721437952
1721438048
1721437792
1721437856
1721437824
1721437504
1721449280
1721449088
1721248048
1721243600
1721251216
1721455808
1721455920
1721455536
1721456032
1721455504
1721455664
1721455424
1721454304
1722151016
1722151040
1722151032
1722151048
1722151044
1721242464
1721446784
1721445536
1721445632
1721448464
1721445280
1721451728
1721452112
1721449952
1721427920
1721420864
1721414448
1721414720
1721437888
1721449328
1721445792
1721452480
1721452624
1721417888
1722086516
1722086676
1722086720
1722086840
1722086884
0
1754813200
1754796672
1754796592
1754798192
1754805232
1754813088
1754796624
0
1763462256
1763462240
1763467696
1763466352
1763462208
1763464288
0
1972842544
1973024096
1973024176
1973024240
1972891056
2011090656
1973024112
2010966896
1972648464
1972842576
1972842640
1973024000
1972667728
1972667744
1973024128
1972653376
1972653536
1972653792
1972912448
1972654688
1972654768
1972654912
2011089536
1972662512
1972662544
1972662576
1972662608
1972655680
2010966144
1972656496
1973024464
1973024480
1973024496
1972658352
2011121472
1973024512
1972653104
1972912544
1972659152
1972659184
1972659280
1972659344
1972659360
1972659536
1972659584
1972659616
2011086560
1972660064
1972660128
1973024560
1973024592
1972660288
0
1978543552
1978383136
1978388496
0
1978292144
1978815476
1978292448
1978292480
1978430128
1978493360
1978490672
1978493616
1978293456
1978372096
1978374464
1978811904
1978378976
1978428288
1978437520
1978375536
1978446832
1978428576
1978269568
1978363904
1978675936
1978491936
1978564944
1978545024
1978565488
1978546912
1978545520
1978566784
1978567072
1978568576
1978363984
1978569360
1978570368
1978565200
1978447856
1978566544
1978274704
1978448256
1978448304
1978364432
1978632304
1978632496
1978632592
1978633632
1978634608
1978550400
1978566784
1978567872
1978450656
1978364672
1978425616
1978571680
1978429408
1978677808
1978551728
1978634880
1978635072
1978624224
1978622976
1978451040
1978645552
1978635408
1978637088
1978276992
1978278720
1978627424
1978280032
1978280288
1978573840
1978574416
1978555200
1978627648
1978650480
1978638432
1978632272
0
1516175378
1718825550
1699885617
1919247470
1952543827
1144484709
1969317477
4551788
1516175405
1718825550
1699885617
1919247470
1735549268
1681159269
1165451634
1397640018
1917073503
1650554721
1380279660
1599295051
1699885617
1919247470
1952543827
4551525
1516175406
1718825550
1699885617
1919247470
1735549268
1664447589
1918985580
1313559109
1127571283
1919904879
69
1516175418
1718825550
1699885617
1919247470
1684957527
826505071
1599295045
1684624953
1867345765
1380279652
1599295051
1920226102
1164406377
1313559146
892428115
1953394499
1400141925
1769239653
1165191022
0
1516175425
1718825550
1699885617
1919247470
1684957527
826570607
30277
1516175464
1718825550
1918120753
1718840929
1634562671
828730466
1952805681
1769172816
1852795252
1313559109
1446469459
1869898597
1716073074
17733
1516175465
1718825550
1918120753
1718840929
1634562671
828730466
1952805681
1769172816
1852795252
6710853
1516175466
1718825550
1918120753
1718840929
1634562671
828730466
1952805681
1635020626
1852795252
26181
1516175467
1718825550
1918120753
1718840929
1634562671
879062114
1702260589
1313559109
1446469459
1869898597
1716073074
17733
1516175468
1718825550
1918120753
1718840929
1634562671
879062114
1702260589
6710853
1516175471
1718825550
1918120753
1718840929
1634562671
912616546
1635020658
1715823988
0
1516175472
1718825550
1918120753
1718840929
1634562671
946170978
1400137075
1701601635
1313559109
1446469459
1869898597
1716073074
17733
1516175474
1718825550
1918120753
1718840929
1634562671
962948194
1333028211
1768384882
1263682926
928994126
1952671062
1228042863
4539750
1516175475
1718825550
1918120753
1718840929
1634562671
962948194
1333028211
1768384882
1717978478
0
1516175480
1718825550
1918120753
1718840929
1634562671
1147497570
7750962
1516175481
1718825550
1699886129
1851880547
1399155815
1701863784
1952805687
1702521171
1313559109
1446469459
1869898597
1716073074
17733
1516175482
1718825550
1699886129
1851880547
1399155815
1701863784
1380266307
1599295051
1667585591
846360436
1162176073
0
1516175484
1718825550
1852786228
1815228788
1180983663
1181577074
1164274793
1397640018
1600075636
829978723
1647456561
1667855201
1920234335
1231515241
829707107
1634231089
1920229234
1937008993
1397056329
1164134753
17733
1516175489
1718825550
1852786228
1160856436
118
1516175492
1718825550
1852786228
1160856692
118
1516175495
1718825550
2019906612
1932669300
1766224997
1866689644
1165127532
1397640018
1866675551
1165127532
0
1516175497
1718825550
2019906612
1932865908
1968141413
1852402804
1819231077
1380282991
1599295051
1819231029
4551279
1516175498
1718825550
2019906612
1932931444
1749251173
1667330657
1400006004
1164278377
106
1516175500
1718825550
2019906612
1933128052
1968141413
1852402804
1768445029
1701735267
1715827571
0
1516175501
1718825550
2019906612
1702049652
1852786292
1263682932
878662478
1953394502
69
1516175503
1718825550
2019906612
1702049908
2037666676
1782932844
0
1516175504
1718825550
2019906612
1702050164
1920226164
1164406377
1397640018
1951610463
1735289202
69
1516175506
1718825550
2019906612
1160856436
118
1516175531
1718825550
1819231029
825324143
1851880020
1918988403
1165258341
0
1516175532
1718825550
1819231029
1379103343
4547685
1516175533
1718825550
1819231029
1110733423
1164277100
0
1516175535
1718825550
1819231029
1110798959
1801675116
69
1516175537
1718825550
1819231029
1463120495
1702127976
69
1516175540
1718825550
1819231029
826503791
1751672901
104
1516175560
1718825550
1634226997
808543600
1416914291
1970567269
1346725234
1599295051
2019906615
1701999988
25157
1516175561
1718825550
1634226997
842098032
1182033267
1131179113
1919904879
1313559109
1127571283
1919904879
69
1516175564
1718825550
1634226997
892429680
1333028211
1768715381
1866687854
1165127532
1397640018
1866675551
1165127532
0
1516175567
1718825550
1634226997
959538544
1333028211
1768715381
1750361454
1852531561
1165194085
102
1516175574
1718825550
1634226997
843343216
30277
1516175626
1718825550
1919963958
828732521
1952805680
1954047316
1164276341
1397640018
1700018015
1920300152
6440293
1516175627
1718825550
1919963958
828732521
1952805684
1954047316
1382380149
1165255525
1397640018
1699886175
1766421603
17733
1516175633
1718825550
1919963958
1130722409
7750961
1516175647
1718825550
2019906615
1701999988
1702048049
1885688436
1702125925
6440292
1516175649
1718825550
2019906615
1701999988
1869361713
1917215841
1766223215
1380279660
1951616587
1667194679
825325688
1633825329
1600350579
1769108595
1665754990
825324627
1918986339
1634890847
1232303209
1632847203
1162175305
1313559109
1379163987
1232364389
4539753
1516175670
1718825550
2019906615
1701999988
1984246083
0
1516175673
1718825550
2019906615
1701999988
1984246084
0
1516175742
1932675918
1412641126
1936613746
1836216166
1701601889
1701261617
1936674932
1869182057
7751022
1516175749
1932675918
1379152230
1635017573
1701603182
1885431891
1701263205
2053722996
7751013
1516175791
1932675918
1750283622
828731489
1952802613
1651469383
1866624097
1935961717
30277
1516175797
1932675918
1884501606
1702127986
1701261361
2019906676
1701999988
30277
1516175800
1932675918
1884501606
1702127986
1701262641
1869367156
1114399074
1684960623
7751027
1516175807
1932675918
1700018022
1920300152
1701263205
2053722996
7751013
1516175829
843994708
825321075
1953654102
1916893285
1165582706
0
1516175835
843994708
875652723
1952671058
1818717793
1634227045
4547952
1516175836
843994708
1412720243
1165260901
0
1516175837
843994708
1396008563
1701863784
69
1516175838
843994708
1396074099
1953067632
17765
1516175365
1718825550
1768763953
1936683619
1852793701
2017817444
0
1516175394
1718825550
1869366069
1916234595
1635021669
1984263282
0
1516175395
1718825550
1869366069
826501987
30277
1516175403
1718825550
1701606197
1313173605
1412718419
1164275049
0
1516175412
1718825550
1920226102
1130851945
1263551793
1397445219
1869362804
1701601635
0
1516175476
1932675918
1767126118
875652461
1766683489
1936683619
1852793701
1984263012
0
1516175479
1932675918
1816343910
829121391
1952802612
1885432901
1415865715
1164275049
118
1516175370
1718825550
1970228533
825320819
1349805415
1953067887
1164865385
118
1516175373
1718825550
1970228533
892429683
1967289193
1852798068
1936028240
1164207475
1597002574
1953841718
1164865396
0
1516175401
1718825550
1852397366
930574180
1886611812
1165582700
118
1516175407
1718825550
1852397366
964128612
1819045744
1852143173
1314014580
1161125715
1953391990
69
1516175438
1718825550
2036681528
1918988130
1764897124
2036681587
1936028240
1164207475
1597002574
2036681523
69
1516175444
1718825550
1684624953
1867345765
826500452
1785358917
0
1681981443
1869889892
16749
1816330322
1214608239
1818521185
8454245
1634038339
1984259444
1098149477
10092544
1634038339
1968006516
1098409332
11075584
1634038339
1699964276
1752195437
1097167471
13565952
1701602628
1917019508
1667855465
1699966049
1869182051
15073390
1819309380
1952539497
1851869285
6646884
1850015980
1131570548
1769236850
1399611747
1769235301
28271
2017788183
1917875305
1936024431
19529843
1684957510
1836020801
23789633
1098147143
1315794804
1097166177
29229056
1131701575
1701999221
1917875310
1936024431
29491315
1131701575
1701999221
1750365294
1684104562
29556736
1131701575
1701999221
1750365294
1684104562
25673
1699152379
1851869300
1231383652
1919903342
1769234797
28271
1699152382
1935756404
1920091508
29295
1699152401
1685015924
1214606453
1818521185
16741
1699152449
1869762676
1684291939
1936942450
37879808
1349805383
1701015410
1715565427
1768843622
1632467316
27507
1699152501
1937331060
1416455540
1097166185
1818838643
1835619429
42074213
1416914247
1634038376
1852785508
1954047348
42598400
1416914247
1634038376
1769099364
1953067631
48103545
1953066569
1768710505
1917019514
1667855465
1699966049
1869182051
48693358
1702129225
1668246642
1147430251
1701995365
1953391981
48758784
1702129225
1668246642
1164207467
1634231160
6645614
1850278633
1819436404
1701536623
1668826468
1735287144
1684291941
48955392
1702129225
1668246642
1231316331
1701995374
1953391981
50003968
1111782217
1699500867
2034394209
2017813876
53346304
1986094412
1769096037
1633905012
1667584876
1852795252
56360960
1953264973
1954103913
1466913893
1130718313
7496040
1699873742
1935762796
1953844581
30821
1699873746
1935762796
1835357029
1869115489
25970
1699873763
1165256051
1953391990
65470464
1970496850
1750361453
1684104562
68812800
1131701587
1769236850
1399611747
1769235301
1884515951
1866690153
7630453
1699939369
1702249844
29806
1699939395
1935756404
1920091508
29295
1699939406
1869762676
1936942435
1768318529
2037672302
1802723661
73465856
1416914259
1634038376
1852785508
1954047348
73990144
1416914259
1634038376
1769099364
1953067631
74711161
1433691475
1851877486
1684368484
1701017669
1869182064
1818838638
7497076
1817379968
7365989
1968374920
1852141683
1919439972
6578533
1817445523
1819033971
25455
1817445525
1952794483
1970037078
76939365
1400073300
1633055845
6649196
1918108828
1953383801
1917022821
1667855465
1699966049
1869182051
79495278
1953655126
1349280117
1702129522
29795
1767244991
1635087474
1702187372
31090
1633092805
1866888297
1819626866
1819306356
1784827749
1937007461
80150528
1953063255
1400008518
1818717801
1784827749
7627621
1767310559
1749247332
1867805281
1953264973
1954103913
1507429
1868850783
7234928
1918828608
6578533
2002714733
1702127986
3604480
1701273439
1767992692
1735549294
4259955
1651335007
1920295775
2019650911
5046272
1601199967
1986946399
1852797545
5177344
1601199967
1869440607
25956
1600061539
1601463667
1601204321
1701869940
9371648
1734697567
1752460905
1684104562
30821
1667170451
1953069157
11730944
1684956511
1701996660
2019910753
11927552
1920099679
28526
1717502155
1818586217
1952935525
875981160
14680064
1953719903
912880737
17432628
1651468639
20774912
1702063199
912878437
25100340
1701736287
7629176
1935606182
1835693157
27918448
1952805727
1701080941
38207488
1919902305
38666356
2019914849
29801
1952514640
26991
1633878611
1668246636
39256064
7565155
2019885660
29801
1667629663
1702063980
39976960
1970038374
26739
1734738532
1869640805
40501363
1701867366
40566894
1769107558
6714478
1885733484
6517877
1885733485
7566453
1919287920
6578533
1919287921
25957
1936065142
1869640805
41484403
1769109350
25972
1701249659
25460
1701249661
1986946420
41877504
2004116839
43122787
1668772713
1701869940
43974656
1633906540
1868785004
30318
1869349539
1835689838
44302448
1819042157
25455
1701642920
1919443821
44630016
1668113773
28781
1701642922
2037408621
44761088
1835885933
6649455
1701642924
1952805741
45154304
1852404336
26228
1970274994
25460
1970274997
6518644
1634861753
25710
1701970618
1869376609
46137443
1819567475
1818321775
46202981
1987339635
6714722
1769145026
1818324583
46333952
7235955
1886585541
1953393010
46792806
1668445299
29288
1953694411
1886217074
46923776
1668445299
7105647
1953694413
2037408626
47120384
1701999731
1919906418
47185920
1718776947
1701669236
47251456
1819440243
28261
1953694424
1920234354
47775744
1953657971
25711
1953694428
1970238578
48037996
2020766835
7172710
1869873896
2003790967
29285
1869873897
1886418295
29285
1853162218
1668572519
48955392
1701277301
6518644
1719010028
1852404336
26228
1668743925
1819239283
49807468
1718838135
1701669236
49872896
1819501431
28261
1668743942
1919318131
109
2797568
2797568
2797568
2797568
2797568
2797568
2797568
2797568
2797568
2797568
2797568
2797568
2797568
2797568
2797568
2797568
2797568
2797568
2797568
2797568
2797568
2797568
2797568
2797568
2797568
2797568
2797568
2797568
2797568
2797568
2797568
2797568
2797568
2797568
2797568
2797568
2797568
2797568
2797568
2797568
2797568
2797568
2797568
2797568
2797568
2797568
2797568
2797568
2797568
2797568
2797568
2797568
2797568
2797568
2797568
2797568
2797568
1819108979
1634887469
1667852400
775040371
7105636
2797588
2797588
2797588
2797588
2797588
2797588
2797588
1819108979
1937339181
762144116
1818504754
108
2797608
2797608
2797608
2797608
2797608
2797608
1819108979
1852405549
762802020
1818504754
108
2797628
2797628
2797628
2797628
2797628
2797628
2797628
2797628
2797628
2797628
2797628
2797628
2797628
2797628
2797628
2797628
2797628
2797628
2797628
2797628
2797628
2797628
2797628
2797628
2797628
2797628
2797628
2797628
2797628
2797628
2797628
2797628
2797628
2797628
2797628
2797628
2797628
2797628
2797628
2797628
2797628
2797628
2797628
2797628
2797628
2797628
2797628
2797628
2797628
2797628
2797628
2797628
1314014539
842222661
1819042862
0
2797648
2797648
2797648
1668707181
1680766066
27756
2797668
2797668
2797668
2797668
2797668
2797668
2797668
2797668
2797668
2797668
2797668
2797668
2797668
2797668
2797668
2797668
2797668
2797668
2797668
2797668
2797668
2797668
2797668
2797668
2797668
2797668
2797668
2797668
2797668
2797668
2797668
2797668
2797668
2797668
2797668
2797668
2797668
2797668
2797668
2797668
2797668
2797668
2797668
2797668
2797668
2797668
2797668
2797668
2797668
2797668
2797668
2797668
2797668
2797668
2797668
2797668
2797668
2797668
2797668
2797668
2797668
2797668
2797668
2797668
2797668
2797668
2797668
2797668
2797668
2797668
2797668
2797668
2797668
2797668
2797668
1668707181
1680766066
27756
0
0
0
0
0
0
0
0
0
0
0
0
0
0
0
0
0
0
0
0
0
0
0
0
0
0
0
0
0
0
0
0
0
0
0
0
0
0
0
0
0
0
0
0
0
0
0
0
0
0
0
0
0
0
0
0
0
0
0
0
0
0
0
0
0
0
0
0
0
0
0
0
0
0
0
0
0
0
0
0
0
0
0
0
0
0
0
0
0
0
0
0
0
0
0
0
0
0
0
0
0
0
0
0
0
0
0
0
0
0
0
0
0
0
0
0
0
0
0
0
0
0
0
0
0
0
0
0
0
0
0
0
0
0
0
0
0
0
0
0
0
0
0
0
0
0
0
0
0
0
0
0
0
0
0
0
0
0
0
0
0
0
0
0
0
0
0
0
0
0
0
0
0
0
0
0
0
0
0
0
0
0
0
0
0
0
0
0
0
0
0
0
0
0
0
0
0
0
0
0
0
0
0
0
0
0
0
0
0
0
0
0
0
0
0
0
0
0
0
0
0
0
0
0
0
0
0
0
0
0
0
0
0
0
0
0
0
0
0
0
0
0
0
0
0
0
0
0
0
0
0
0
0
0
0
0
0
0
0
0
0
0
0
0
0
0
0
0
0
0
0
0
4398816
4398736
4450288
0
0
0
0
0
0
0
0
0
0
0
0
0
0
0
0
0
0
0
0
0
0
0
0
0
0
0
0
0
0
0
0
0
0
0
0
0
0
0
0
0
0
0
0
0
0
0
0
0
0
0
0
0
0
0
0
0
0
0
0
0
0
0
0
0
0
0
0
0
0
0
0
0
0
0
0
0
0
0
0
0
0
0
0
0
0
0
0
0
0
0
0
0
0
0
0
0
0
0
0
0
0
0
0
0
0
0
0
0
0
0
0
0
0
0
0
0
0
0
0
0
0
0
0
0
0
0
0
0
0
0
0
0
0
0
0
0
0
0
0
0
0
0
0
0
0
0
0
0
0
0
0
0
0
0
0
0
0
0
0
0
0
0
0
0
0
0
0
0
0
0
0
0
0
0
0
0
0
0
0
0
0
0
0
0
0
0
0
0
0
0
0
0
0
0
0
0
0
0
0
0
0
0
0
0
0
0
0
0
0
0
0
0
0
0
0
0
0
0
0
0
0
0
0
0
0
0
0
0
0
0
0
0
0
0
0
0
0
0
0
0
0
0
0
0
0
0
0
0
0
0
0
0
0
0
0
0
0
0
0
0
0
0
0
0
0
0
0
0
0
0
0
0
0
0
0
0
0
0
0
0
0
0
0
0
0
0
0
0
0
0
0
0
0
0
0
0
0
0
0
0
0
0
0
0
0
0
0
0
0
0
0
0
0
0
0
0
0
0
0
0
0
0
0
0
0
0
0
0
0
0
0
0
0
0
0
0
0
0
0
0
0
0
0
0
0
0
0
0
0
0
0
0
0
0
0
0
0
0
0
0
0
0
0
0
0
0
0
0
0
0
0
0
0
0
0
0
0
0
0
0
0
0
0
0
0
0
0
0
0
0
0
0
0
0
0
0
0
0
0
0
0
0
0
0
0
0
0
0
0
0
0
0
0
0
0
0
0
0
0
0
0
0
0
0
0
0
0
0
0
0
0
0
0
0
0
0
0
0
0
0
0
0
0
0
0
0
0
0
0
0
0
0
0
0
0
0
0
0
0
0
0
0
0
0
0
0
0
0
0
0
0
0
0
0
0
0
0
0
0
0
0
0
0
0
0
0
0
0
0
0
0
0
0
0
0
0
0
0
0
0
0
0
0
0
0
0
0
0
0
0
0
0
0
0
0
0
0
0
0
0
0
0
0
0
0
0
0
0
0
0
0
0
0
0
0
0
0
0
0
0
0
0
0
0
0
0
0
0
0
0
0
0
0
0
0
0
0
0
0
0
0
0
0
0
0
0
0
0
0
0
0
0
0
0
0
0
0
0
0
0
0
0
0
0
0
0
0
0
0
0
0
0
0
0
0
0
0
0
0
0
0
0
0
0
0
0
0
0
0
0
0
0
0
0
0
0
0
0
0
0
0
0
0
0
0
0
0
0
0
0
0
0
0
0
0
0
0
0
0
0
0
0
0
0
0
0
0
0
0
0
0
0
0
0
0
0
0
0
0
0
0
0
0
0
0
0
0
0
0
0
0
0
0
0
0
0
0
0
0
0
0
0
0
0
0
0
0
0
0
0
0
0
0
0
0
0
0
0
0
0
0
0
0
0
0
0
0
0
0
0
0
0
0
0
0
0
0
0
0
0
0
0
0
0
0
0
0
0
0
0
0
0
0
0
0
0
0
0
0
0
0
0
0
0
0
0
0
0
0
0
0
0
0
0
0
0
0
0
0
0
0
0
0
0
0
0
0
0
0
0
0
0
0
0
0
0
0
0
0
0
0
0
0
0
0
0
0
0
0
0
0
0
0
0
0
0
0
0
0
0
0
0
0
0
0
0
0
0
0
0
0
0
0
0
0
0
0
0
0
0
0
0
0
0
0
0
0
0
0
0
0
0
0
0
0
0
0
0
0
0
0
0
0
0
0
0
0
0
0
0
0
0
0
0
0
0
0
0
0
0
0
0
0
0
0
0
0
0
0
0
0
0
0
0
0
0
0
0
0
0
0
0
0
0
0
0
0
0
0
0
0
0
0
0
0
0
0
0
0
0
0
0
0
0
0
0
0
0
0
0
0
0
0
0
0
0
0
0
0
0
0
0
0
0
0
0
0
0
0
0
0
0
0
0
0
0
0
0
0
0
0
0
0
0
0
0
0
0
0
0
0
0
0
0
0
0
0
0
0
0
0
0
0
0
0
0
0
0
0
0
0
0
0
0
0
0
0
0
0
0
0
0
0
0
0
0
0
0
0
0
0
0
0
0
0
0
0
0
0
0
0
0
0
0
0
0
0
0
0
0
0
0
0
0
0
0
0
0
0
0
7004161
7004188
6986896
7000068
0
0
0
0
0
0
0
0
0
0
0
0
0
0
0
0
0
0
0
0
0
0
0
0
0
0
0
0
0
0
0
0
0
0
0
0
0
0
0
0
0
0
0
0
0
0
0
0
0
0
0
0
0
0
0
0
0
0
0
0
0
0
0
0
0
0
0
0
0
0
0
0
0
0
0
0
0
0
0
0
0
0
0
0
0
0
0
0
0
0
0
0
0
0
0
0
0
0
0
0
0
0
0
0
0
0
0
0
0
0
0
0
0
0
0
0
0
0
0
0
0
0
0
0
0
0
0
0
0
0
0
0
0
0
0
0
0
0
0
0
0
0
0
0
0
0
0
0
0
0
0
0
0
0
0
0
0
0
0
0
0
0
0
0
0
0
0
0
0
0
0
0
0
0
0
0
0
0
0
0
0
0
0
0
0
0
0
0
0
0
0
0
0
0
0
0
0
0
0
0
0
0
0
0
0
0
0
0
0
0
0
0
0
0
0
0
0
0
0
0
0
0
0
0
0
0
0
0
0
0
0
0
0
0
0
0
0
0
0
0
0
0
0
0
0
0
0
0
0
0
0
0
0
0
0
0
0
0
0
0
0
0
0
0
0
0
0
0
0
0
0
0
0
0
0
0
0
0
0
0
0
0
0
0
0
0
0
0
0
0
0
0
0
0
0
0
0
0
0
0
0
0
0
0
0
0
0
0
0
0
0
0
0
0
0
0
0
0
0
0
0
0
0
0
0
0
0
0
0
0
0
0
0
0
0
0
0
0
0
0
0
0
0
0
0
0
0
0
0
0
0
0
0
0
0
0
0
0
0
0
0
0
0
0
0
0
0
0
0
0
0
0
0
0
0
0
0
0
0
0
0
0
0
0
0
0
0
0
0
0
0
0
0
0
0
0
0
0
0
0
0
0
0
0
0
0
0
0
0
0
0
0
0
0
0
0
0
0
0
0
0
0
0
0
0
0
0
0
0
0
0
0
0
0
0
0
0
0
0
0
0
0
0
0
0
0
0
0
0
0
0
0
0
0
0
0
0
0
0
0
0
0
0
0
0
0
0
0
0
0
0
0
0
0
0
0
0
0
0
0
0
0
0
0
0
0
0
0
0
0
0
0
0
0
0
0
0
0
0
0
0
0
0
0
0
0
0
0
0
0
0
0
0
0
0
0
0
0
0
0
0
0
0
0
0
0
0
0
0
0
0
0
0
0
0
0
0
0
0
0
0
0
0
0
0
0
0
0
0
0
0
0
0
0
0
0
0
0
0
0
0
0
0
0
0
0
0
0
0
0
0
0
0
0
0
0
0
0
0
0
0
0
0
0
0
0
0
0
0
0
0
0
0
0
0
0
0
0
0
0
0
0
0
0
0
0
0
0
0
0
0
0
0
0
0
0
0
0
0
0
0
0
0
0
0
0
0
0
0
0
0
0
0
0
0
0
0
0
0
0
0
0
0
0
0
0
0
0
0
0
0
0
0
0
0
0
0
0
0
0
0
0
0
0
0
0
0
0
0
0
0
0
0
0
0
0
0
0
0
0
0
0
0
0
0
0
0
0
0
0
0
0
0
0
0
0
0
0
0
0
0
0
0
0
0
0
0
0
0
0
0
0
0
0
0
0
0
0
0
0
0
0
0
0
0
0
0
0
0
0
0
0
0
0
0
0
0
0
0
0
0
0
0
0
0
0
0
0
0
0
0
0
0
0
0
0
0
0
0
0
0
0
0
0
0
0
0
0
0
0
0
0
0
0
0
0
0
0
0
0
0
0
0
0
0
0
0
0
0
0
0
0
0
0
0
0
0
0
0
0
0
0
0
0
0
0
0
0
0
0
0
0
0
0
0
0
0
0
0
0
0
0
0
0
0
0
0
0
0
0
0
0
0
0
0
0
0
0
0
0
0
0
0
0
0
0
0
0
0
0
0
0
0
0
0
0
0
0
0
0
0
0
0
0
0
0
0
0
0
0
0
0
0
0
0
0
0
0
0
0
0
0
0
0
0
0
0
0
0
0
0
0
0
0
0
0
0
0
0
0
0
0
0
0
0
0
0
0
0
0
0
0
0
0
0
0
0
0
0
0
0
0
0
0
0
0
0
0
0
0
0
0
0
0
0
0
0
0
0
0
0
0
0
0
0
0
0
0
0
0
0
0
0
0
0
0
0
0
0
0
0
0
0
0
0
0
0
0
0
0
0
0
0
0
0
0
0
0
0
0
0
0
0
0
0
0
0
0
0
0
0
0
0
0
0
0
0
0
0
0
0
0
0
0
0
0
0
0
0
0
0
0
0
0
0
0
0
0
0
