0 448 222 14 0
1154 448 212 14 0
0 462 220 6 0
1156 462 210 6 0
48 468 128 2 0
200 468 20 2 0
1156 468 20 2 0
1200 468 128 2 0
50 470 124 2 0
200 470 16 4 0
1160 470 16 4 0
1202 470 124 2 0
52 472 120 2 0
1204 472 120 2 0
62 474 100 2 0
1214 474 100 2 0
66 476 92 2 0
1218 476 92 2 0
68 478 88 2 0
1220 478 88 2 0
72 480 80 4 0
238 480 68 24 0
1070 480 68 24 0
1224 480 80 4 0
74 484 76 2 0
1226 484 76 2 0
76 486 72 2 0
1228 486 72 2 0
78 488 68 4 0
1230 488 68 4 0
80 492 64 12 0
1232 492 64 12 0
82 504 60 2 0
254 504 36 10 0
1086 504 36 10 0
1234 504 60 2 0
84 506 58 2 0
1234 506 58 2 0
84 508 56 2 0
1236 508 56 2 0
88 510 50 2 0
1238 510 50 2 0
90 512 44 8 0
1242 512 44 8 0
256 514 32 254 0
1088 514 32 254 0
92 520 40 2 0
1244 520 40 2 0
96 522 32 246 0
1248 522 32 246 0
334 544 68 24 0
974 544 68 24 0
350 568 36 10 0
990 568 36 10 0
352 578 32 190 0
992 578 32 190 0
386 608 604 14 0
388 622 600 6 0
388 628 20 2 0
448 628 112 2 0
624 628 128 2 0
816 628 128 2 0
968 628 20 2 0
392 630 16 4 0
448 630 110 2 0
626 630 124 2 0
818 630 124 2 0
968 630 16 4 0
448 632 108 2 0
628 632 120 2 0
820 632 120 2 0
448 634 98 2 0
638 634 100 2 0
830 634 100 2 0
450 636 92 2 0
642 636 92 2 0
834 636 92 2 0
452 638 88 2 0
644 638 88 2 0
836 638 88 2 0
456 640 80 4 0
648 640 80 4 0
840 640 80 4 0
458 644 76 2 0
650 644 76 2 0
842 644 76 2 0
460 646 72 2 0
652 646 72 2 0
844 646 72 2 0
462 648 68 4 0
654 648 68 4 0
846 648 68 4 0
464 652 64 12 0
656 652 64 12 0
848 652 64 12 0
466 664 60 2 0
658 664 60 2 0
850 664 60 2 0
468 666 58 2 0
660 666 58 2 0
852 666 58 2 0
468 668 56 2 0
660 668 56 2 0
852 668 56 2 0
472 670 50 2 0
664 670 50 2 0
856 670 50 2 0
474 672 44 8 0
666 672 44 8 0
858 672 44 8 0
476 680 40 2 0
668 680 40 2 0
860 680 40 2 0
480 682 32 86 0
672 682 32 86 0
864 682 32 86 0
