578 320 220 14 0
580 334 216 6 0
580 340 20 2 0
624 340 128 2 0
776 340 20 2 0
584 342 16 4 0
626 342 124 2 0
776 342 16 4 0
628 344 120 2 0
638 346 100 2 0
642 348 92 2 0
644 350 88 2 0
648 352 80 4 0
650 356 76 2 0
652 358 72 2 0
654 360 68 4 0
656 364 64 12 0
658 376 60 2 0
660 378 58 2 0
660 380 56 2 0
664 382 50 2 0
666 384 44 8 0
668 392 40 2 0
672 394 32 374 0
0 448 222 14 0
322 448 220 14 0
834 448 220 14 0
1154 448 212 14 0
0 462 220 6 0
324 462 216 6 0
836 462 216 6 0
1156 462 210 6 0
48 468 128 2 0
200 468 20 2 0
324 468 20 2 0
368 468 128 2 0
520 468 20 2 0
836 468 20 2 0
880 468 128 2 0
1032 468 20 2 0
1156 468 20 2 0
1200 468 128 2 0
50 470 124 2 0
200 470 16 4 0
328 470 16 4 0
370 470 124 2 0
520 470 16 4 0
840 470 16 4 0
882 470 124 2 0
1032 470 16 4 0
1160 470 16 4 0
1202 470 124 2 0
52 472 120 2 0
372 472 120 2 0
884 472 120 2 0
1204 472 120 2 0
62 474 100 2 0
382 474 100 2 0
894 474 100 2 0
1214 474 100 2 0
66 476 92 2 0
386 476 92 2 0
898 476 92 2 0
1218 476 92 2 0
68 478 88 2 0
388 478 88 2 0
900 478 88 2 0
1220 478 88 2 0
72 480 80 4 0
392 480 80 4 0
904 480 80 4 0
1224 480 80 4 0
74 484 76 2 0
394 484 76 2 0
906 484 76 2 0
1226 484 76 2 0
76 486 72 2 0
396 486 72 2 0
908 486 72 2 0
1228 486 72 2 0
78 488 68 4 0
398 488 68 4 0
910 488 68 4 0
1230 488 68 4 0
80 492 64 12 0
400 492 64 12 0
912 492 64 12 0
1232 492 64 12 0
82 504 60 2 0
402 504 60 2 0
914 504 60 2 0
1234 504 60 2 0
84 506 58 2 0
404 506 58 2 0
916 506 58 2 0
1234 506 58 2 0
84 508 56 2 0
404 508 56 2 0
916 508 56 2 0
1236 508 56 2 0
88 510 50 2 0
408 510 50 2 0
920 510 50 2 0
1238 510 50 2 0
90 512 44 8 0
410 512 44 8 0
922 512 44 8 0
1242 512 44 8 0
92 520 40 2 0
412 520 40 2 0
924 520 40 2 0
1244 520 40 2 0
96 522 32 246 0
416 522 32 246 0
928 522 32 246 0
1248 522 32 246 0
