0 512 222 14 0
578 512 220 14 0
1154 512 212 14 0
0 526 220 6 0
580 526 216 6 0
1156 526 210 6 0
48 532 128 2 0
200 532 20 2 0
580 532 20 2 0
624 532 128 2 0
776 532 20 2 0
1156 532 20 2 0
1200 532 128 2 0
50 534 124 2 0
200 534 16 4 0
584 534 16 4 0
626 534 124 2 0
776 534 16 4 0
1160 534 16 4 0
1202 534 124 2 0
52 536 120 2 0
628 536 120 2 0
1204 536 120 2 0
62 538 100 2 0
638 538 100 2 0
1214 538 100 2 0
66 540 92 2 0
642 540 92 2 0
1218 540 92 2 0
68 542 88 2 0
644 542 88 2 0
1220 542 88 2 0
72 544 80 4 0
648 544 80 4 0
1224 544 80 4 0
74 548 76 2 0
650 548 76 2 0
1226 548 76 2 0
76 550 72 2 0
652 550 72 2 0
1228 550 72 2 0
78 552 68 4 0
654 552 68 4 0
1230 552 68 4 0
80 556 64 12 0
656 556 64 12 0
1232 556 64 12 0
82 568 60 2 0
658 568 60 2 0
1234 568 60 2 0
84 570 58 2 0
660 570 58 2 0
1236 570 58 2 0
84 572 56 2 0
660 572 56 2 0
1236 572 56 2 0
88 574 50 2 0
664 574 50 2 0
1240 574 50 2 0
90 576 44 8 0
666 576 44 8 0
1242 576 44 8 0
92 584 40 2 0
668 584 40 2 0
1244 584 40 2 0
96 586 32 182 0
672 586 32 182 0
1248 586 32 182 0
