0 0 1366 32 0
0 32 32 736 0
1344 32 22 160 0
1312 128 32 32 0
320 192 32 224 0
416 192 32 224 0
992 192 96 352 0
55 194 1 1 1
87 194 1 1 1
119 194 1 1 1
151 194 1 1 1
183 194 1 1 1
215 194 1 1 1
247 194 1 1 1
279 194 1 1 1
311 194 1 1 1
471 194 1 1 1
503 194 1 1 1
535 194 1 1 1
567 194 1 1 1
599 194 1 1 1
631 194 1 1 1
663 194 1 1 1
695 194 1 1 0
727 194 1 1 1
759 194 1 1 1
791 194 1 1 1
823 194 1 1 1
855 194 1 1 1
887 194 1 1 1
919 194 1 1 1
951 194 1 1 1
983 194 1 1 1
32 198 6 186 1
40 198 1 186 1
43 198 1 186 1
46 198 1 186 1
52 198 1 186 1
64 198 6 186 1
72 198 1 186 1
75 198 1 186 1
78 198 1 186 1
84 198 1 186 1
96 198 6 186 1
104 198 1 186 1
107 198 1 186 1
110 198 1 186 1
116 198 1 186 1
128 198 6 186 1
136 198 1 186 1
139 198 1 186 1
142 198 1 186 1
148 198 1 186 1
160 198 6 186 1
168 198 1 186 1
171 198 1 186 1
174 198 1 186 1
180 198 1 186 1
192 198 6 186 1
200 198 1 186 1
203 198 1 186 1
206 198 1 186 1
212 198 1 186 1
224 198 6 186 1
232 198 1 186 1
235 198 1 186 1
238 198 1 186 1
244 198 1 186 1
256 198 6 186 1
264 198 1 186 1
267 198 1 186 1
270 198 1 186 1
276 198 1 186 1
288 198 6 186 1
296 198 1 186 1
299 198 1 186 1
302 198 1 186 1
308 198 1 186 1
448 198 6 186 1
456 198 1 186 1
459 198 1 186 1
462 198 1 186 1
468 198 1 186 1
480 198 6 186 1
488 198 1 186 1
491 198 1 186 1
494 198 1 186 1
500 198 1 186 1
512 198 6 186 1
520 198 1 186 1
523 198 1 186 1
526 198 1 186 1
532 198 1 186 1
544 198 6 186 1
552 198 1 186 1
555 198 1 186 1
558 198 1 186 1
564 198 1 186 1
576 198 6 186 1
584 198 1 186 1
587 198 1 186 1
590 198 1 186 1
596 198 1 186 1
608 198 6 186 1
616 198 1 186 1
619 198 1 186 1
622 198 1 186 1
628 198 1 186 1
640 198 6 186 1
648 198 1 186 1
651 198 1 186 1
654 198 1 186 1
660 198 1 186 1
672 198 4 2 0
676 198 2 6 1
680 198 1 186 1
683 198 1 6 1
686 198 1 186 1
692 198 1 186 1
704 198 6 186 1
712 198 1 186 1
715 198 1 186 1
718 198 1 186 1
724 198 1 186 1
736 198 6 186 1
744 198 1 186 1
747 198 1 186 1
750 198 1 186 1
756 198 1 186 1
768 198 6 186 1
776 198 1 186 1
779 198 1 186 1
782 198 1 186 1
788 198 1 186 1
800 198 6 186 1
808 198 1 186 1
811 198 1 186 1
814 198 1 186 1
820 198 1 186 1
832 198 6 186 1
840 198 1 186 1
843 198 1 186 1
846 198 1 186 1
852 198 1 186 1
864 198 6 186 1
872 198 1 186 1
875 198 1 186 1
878 198 1 186 1
884 198 1 186 1
896 198 6 186 1
904 198 1 186 1
907 198 1 186 1
910 198 1 186 1
916 198 1 186 1
928 198 6 186 1
936 198 1 186 1
939 198 1 186 1
942 198 1 186 1
948 198 1 186 1
960 198 6 186 1
968 198 1 186 1
971 198 1 186 1
974 198 1 186 1
980 198 1 186 1
38 199 2 185 1
41 199 2 185 1
44 199 2 185 1
47 199 5 185 1
53 199 11 185 1
70 199 2 185 1
73 199 2 185 1
76 199 2 185 1
79 199 5 185 1
85 199 11 185 1
102 199 2 185 1
105 199 2 185 1
108 199 2 185 1
111 199 5 185 1
117 199 11 185 1
134 199 2 185 1
137 199 2 185 1
140 199 2 185 1
143 199 5 185 1
149 199 11 185 1
166 199 2 185 1
169 199 2 185 1
172 199 2 185 1
175 199 5 185 1
181 199 11 185 1
198 199 2 185 1
201 199 2 185 1
204 199 2 185 1
207 199 5 185 1
213 199 11 185 1
230 199 2 185 1
233 199 2 185 1
236 199 2 185 1
239 199 5 185 1
245 199 11 185 1
262 199 2 185 1
265 199 2 185 1
268 199 2 185 1
271 199 5 185 1
277 199 11 185 1
294 199 2 185 1
297 199 2 185 1
300 199 2 185 1
303 199 5 185 1
309 199 11 185 1
454 199 2 185 1
457 199 2 185 1
460 199 2 185 1
463 199 5 185 1
469 199 11 185 1
486 199 2 185 1
489 199 2 185 1
492 199 2 185 1
495 199 5 185 1
501 199 11 185 1
518 199 2 185 1
521 199 2 185 1
524 199 2 185 1
527 199 5 185 1
533 199 11 185 1
550 199 2 185 1
553 199 2 185 1
556 199 2 185 1
559 199 5 185 1
565 199 11 185 1
582 199 2 185 1
585 199 2 185 1
588 199 2 185 1
591 199 5 185 1
597 199 11 185 1
614 199 2 185 1
617 199 2 185 1
620 199 2 185 1
623 199 5 185 1
629 199 11 185 1
646 199 2 185 1
649 199 2 185 1
652 199 2 185 1
655 199 5 185 1
661 199 11 185 1
678 199 2 185 1
681 199 2 5 1
684 199 2 3 0
687 199 1 185 1
688 199 2 1 0
690 199 2 3 1
693 199 7 3 1
700 199 2 1 0
702 199 2 185 1
710 199 2 185 1
713 199 2 185 1
716 199 2 185 1
719 199 5 185 1
725 199 11 185 1
742 199 2 185 1
745 199 2 185 1
748 199 2 185 1
751 199 5 185 1
757 199 11 185 1
774 199 2 185 1
777 199 2 185 1
780 199 2 185 1
783 199 5 185 1
789 199 11 185 1
806 199 2 185 1
809 199 2 185 1
812 199 2 185 1
815 199 5 185 1
821 199 11 185 1
838 199 2 185 1
841 199 2 185 1
844 199 2 185 1
847 199 5 185 1
853 199 11 185 1
870 199 2 185 1
873 199 2 185 1
876 199 2 185 1
879 199 5 185 1
885 199 11 185 1
902 199 2 185 1
905 199 2 185 1
908 199 2 185 1
911 199 5 185 1
917 199 11 185 1
934 199 2 185 1
937 199 2 185 1
940 199 2 185 1
943 199 5 185 1
949 199 11 185 1
966 199 2 185 1
969 199 2 185 1
972 199 2 185 1
975 199 5 185 1
981 199 11 185 1
672 200 2 2 0
674 200 2 184 1
688 200 2 2 1
700 200 2 2 1
672 202 2 182 1
684 202 2 2 1
688 202 4 2 0
693 202 3 182 1
696 202 6 2 0
676 204 2 1 0
681 204 1 180 1
682 204 3 1 0
685 204 1 180 1
688 204 4 180 1
696 204 6 180 1
676 205 2 179 1
682 205 3 179 1
32 384 288 32 0
448 384 544 32 0
1088 384 278 96 0
1088 480 64 32 0
1088 512 32 32 0
1154 512 212 32 1
1153 513 1 63 1
1152 514 1 62 1
1122 544 30 64 1
1154 544 30 32 1
1184 544 182 224 0
1121 545 1 63 1
1120 546 1 62 1
994 576 126 32 1
1152 576 32 192 0
993 577 1 191 1
992 578 1 190 1
994 608 30 160 1
1024 608 128 160 0
768 640 32 128 0
55 642 1 1 1
87 642 1 1 1
119 642 1 1 1
151 642 1 1 1
183 642 1 1 1
215 642 1 1 1
247 642 1 1 1
279 642 1 1 1
311 642 1 1 1
343 642 1 1 1
375 642 1 1 1
407 642 1 1 1
439 642 1 1 1
471 642 1 1 1
503 642 1 1 1
535 642 1 1 1
567 642 1 1 1
599 642 1 1 1
631 642 1 1 1
663 642 1 1 1
695 642 1 1 1
727 642 1 1 1
759 642 1 1 1
32 646 6 58 1
40 646 1 58 1
43 646 1 58 1
46 646 1 58 1
52 646 1 58 1
64 646 6 58 1
72 646 1 58 1
75 646 1 58 1
78 646 1 58 1
84 646 1 58 1
96 646 6 58 1
104 646 1 58 1
107 646 1 58 1
110 646 1 58 1
116 646 1 58 1
128 646 6 58 1
136 646 1 58 1
139 646 1 58 1
142 646 1 58 1
148 646 1 58 1
160 646 6 58 1
168 646 1 58 1
171 646 1 58 1
174 646 1 58 1
180 646 1 58 1
192 646 6 58 1
200 646 1 58 1
203 646 1 58 1
206 646 1 58 1
212 646 1 58 1
224 646 6 58 1
232 646 1 58 1
235 646 1 58 1
238 646 1 58 1
244 646 1 58 1
256 646 6 58 1
264 646 1 58 1
267 646 1 58 1
270 646 1 58 1
276 646 1 58 1
288 646 6 58 1
296 646 1 58 1
299 646 1 58 1
302 646 1 58 1
308 646 1 58 1
320 646 6 58 1
328 646 1 58 1
331 646 1 58 1
334 646 1 58 1
340 646 1 58 1
352 646 6 58 1
360 646 1 58 1
363 646 1 58 1
366 646 1 58 1
372 646 1 58 1
384 646 6 58 1
392 646 1 58 1
395 646 1 58 1
398 646 1 58 1
404 646 1 58 1
416 646 6 58 1
424 646 1 58 1
427 646 1 58 1
430 646 1 58 1
436 646 1 58 1
448 646 6 58 1
456 646 1 58 1
459 646 1 58 1
462 646 1 58 1
468 646 1 58 1
480 646 6 58 1
488 646 1 58 1
491 646 1 58 1
494 646 1 58 1
500 646 1 58 1
512 646 6 58 1
520 646 1 58 1
523 646 1 58 1
526 646 1 58 1
532 646 1 58 1
544 646 6 58 1
552 646 1 58 1
555 646 1 58 1
558 646 1 58 1
564 646 1 58 1
576 646 6 58 1
584 646 1 58 1
587 646 1 58 1
590 646 1 58 1
596 646 1 58 1
608 646 6 58 1
616 646 1 58 1
619 646 1 58 1
622 646 1 58 1
628 646 1 58 1
640 646 6 58 1
648 646 1 58 1
651 646 1 58 1
654 646 1 58 1
660 646 1 58 1
672 646 6 58 1
680 646 1 58 1
683 646 1 58 1
686 646 1 58 1
692 646 1 58 1
704 646 6 58 1
712 646 1 58 1
715 646 1 58 1
718 646 1 58 1
724 646 1 58 1
736 646 6 26 1
744 646 1 26 1
747 646 1 26 1
750 646 1 26 1
756 646 1 26 1
38 647 2 57 1
41 647 2 57 1
44 647 2 57 1
47 647 5 57 1
53 647 11 57 1
70 647 2 57 1
73 647 2 57 1
76 647 2 57 1
79 647 5 57 1
85 647 11 57 1
102 647 2 57 1
105 647 2 57 1
108 647 2 57 1
111 647 5 57 1
117 647 11 57 1
134 647 2 57 1
137 647 2 57 1
140 647 2 57 1
143 647 5 57 1
149 647 11 57 1
166 647 2 57 1
169 647 2 57 1
172 647 2 57 1
175 647 5 57 1
181 647 11 57 1
198 647 2 57 1
201 647 2 57 1
204 647 2 57 1
207 647 5 57 1
213 647 11 57 1
230 647 2 57 1
233 647 2 57 1
236 647 2 57 1
239 647 5 57 1
245 647 11 57 1
262 647 2 57 1
265 647 2 57 1
268 647 2 57 1
271 647 5 57 1
277 647 11 57 1
294 647 2 57 1
297 647 2 57 1
300 647 2 57 1
303 647 5 57 1
309 647 11 57 1
326 647 2 57 1
329 647 2 57 1
332 647 2 57 1
335 647 5 57 1
341 647 11 57 1
358 647 2 57 1
361 647 2 57 1
364 647 2 57 1
367 647 5 57 1
373 647 11 57 1
390 647 2 57 1
393 647 2 57 1
396 647 2 57 1
399 647 5 57 1
405 647 11 57 1
422 647 2 57 1
425 647 2 57 1
428 647 2 57 1
431 647 5 57 1
437 647 11 57 1
454 647 2 57 1
457 647 2 57 1
460 647 2 57 1
463 647 5 57 1
469 647 11 57 1
486 647 2 57 1
489 647 2 57 1
492 647 2 57 1
495 647 5 57 1
501 647 11 57 1
518 647 2 57 1
521 647 2 57 1
524 647 2 57 1
527 647 5 57 1
533 647 11 57 1
550 647 2 57 1
553 647 2 57 1
556 647 2 57 1
559 647 5 57 1
565 647 11 57 1
582 647 2 57 1
585 647 2 57 1
588 647 2 57 1
591 647 5 57 1
597 647 11 57 1
614 647 2 57 1
617 647 2 57 1
620 647 2 57 1
623 647 5 57 1
629 647 11 57 1
646 647 2 57 1
649 647 2 57 1
652 647 2 57 1
655 647 5 57 1
661 647 11 57 1
678 647 2 57 1
681 647 2 57 1
684 647 2 57 1
687 647 5 57 1
693 647 11 57 1
710 647 2 57 1
713 647 2 57 1
716 647 2 57 1
719 647 5 57 1
725 647 11 57 1
742 647 2 25 1
745 647 2 25 1
748 647 2 25 1
751 647 5 25 1
757 647 11 25 1
736 672 32 96 0
32 704 704 64 0
800 704 32 64 0
832 704 18 64 1
850 706 4 62 1
854 708 8 6 1
862 710 2 2 1
854 714 2 54 1
856 716 4 6 1
860 718 2 2 1
856 724 6 6 1
862 726 2 2 1
856 730 2 16 1
858 732 4 6 1
862 734 2 2 1
858 740 4 6 1
862 742 2 2 1
856 748 4 6 1
860 750 2 2 1
856 756 6 6 1
862 758 2 2 1
856 762 2 6 1
858 764 4 4 1
862 766 2 2 1
