0 0 128 192 0
192 0 672 32 0
864 0 64 448 1
928 0 438 32 0
384 32 64 160 0
1344 32 22 544 0
192 128 192 64 0
546 352 92 32 1
1122 352 92 32 1
545 353 1 383 1
638 353 1 383 1
1121 353 1 383 1
1214 353 1 383 1
544 354 1 382 1
639 354 1 382 1
1120 354 1 382 1
1215 354 1 382 1
0 384 128 96 0
128 384 64 160 1
192 384 64 384 0
546 384 30 350 1
576 384 32 384 0
608 384 30 350 1
1122 384 30 347 1
1152 384 32 384 0
1184 384 30 347 1
857 423 1 1 1
860 423 4 25 1
928 423 1 25 1
858 424 2 24 1
929 424 3 24 1
933 424 2 1 1
932 425 2 23 1
842 426 1 1 1
857 426 1 22 1
934 426 1 22 1
841 427 1 2 1
855 427 2 21 1
935 427 1 21 1
950 427 1 2 1
840 428 1 1 1
846 428 1 1 1
936 428 1 20 1
949 428 1 1 1
850 430 5 18 1
937 430 4 18 1
847 431 3 17 1
941 431 4 17 1
846 433 1 15 1
945 433 2 15 1
959 433 1 1 1
845 434 1 14 1
947 434 1 14 1
844 435 1 13 1
948 436 1 12 1
843 437 1 11 1
949 437 1 11 1
841 438 2 10 1
950 440 1 8 1
839 441 2 1 1
951 441 1 7 1
840 442 1 6 1
839 443 1 5 1
952 443 1 5 1
837 446 2 2 1
953 446 1 2 1
954 447 1 1 1
256 448 32 320 0
832 448 128 32 0
100 480 28 64 1
99 481 1 63 1
87 482 1 1 1
98 482 1 62 1
96 483 2 61 1
64 486 6 58 1
72 486 1 58 1
75 486 1 58 1
78 486 1 58 1
84 486 1 58 1
57 487 1 1 1
60 487 4 57 1
70 487 2 57 1
73 487 2 57 1
76 487 2 57 1
79 487 5 57 1
85 487 11 57 1
58 488 2 56 1
42 490 1 1 1
57 490 1 54 1
41 491 1 2 1
55 491 2 53 1
40 492 1 1 1
46 492 1 1 1
50 494 5 50 1
47 495 3 49 1
46 497 1 47 1
45 498 1 46 1
44 499 1 45 1
43 501 1 43 1
41 502 2 42 1
39 505 2 1 1
40 506 1 38 1
39 507 1 37 1
37 510 2 34 1
0 512 37 32 1
288 512 32 256 0
0 544 192 224 0
320 576 32 192 0
352 640 32 128 0
514 704 30 64 1
640 704 30 64 1
1090 704 30 64 1
1216 704 30 64 1
513 705 1 63 1
670 705 1 63 1
1089 705 1 63 1
1246 705 1 63 1
512 706 1 62 1
671 706 1 62 1
1088 706 1 62 1
1247 706 1 62 1
1122 731 29 1 1
1185 731 29 1 1
1122 732 28 1 1
1186 732 28 1 1
1122 733 27 3 1
1187 733 27 3 1
546 734 29 1 1
609 734 29 1 1
546 735 28 1 1
610 735 28 1 1
384 736 128 32 0
544 736 32 32 0
608 736 32 32 0
672 736 416 6 1
1120 736 32 32 0
1184 736 32 32 0
1248 736 118 32 0
672 742 188 11 1
860 742 1 1 0
861 742 31 11 1
892 742 1 1 0
893 742 31 11 1
924 742 1 1 0
925 742 31 11 1
956 742 1 1 0
957 742 131 26 1
860 743 1 25 1
892 743 1 25 1
924 743 1 25 1
956 743 1 25 1
672 753 170 5 1
842 753 1 1 0
843 753 17 7 1
861 753 13 5 1
874 753 1 1 0
875 753 17 7 1
893 753 13 5 1
906 753 1 1 0
907 753 17 7 1
925 753 13 5 1
938 753 1 1 0
939 753 17 7 1
842 754 1 14 1
874 754 1 14 1
906 754 1 14 1
938 754 1 14 1
672 758 162 10 1
834 758 1 1 0
835 758 7 2 1
861 758 5 10 1
866 758 1 1 0
867 758 7 2 1
893 758 5 10 1
898 758 1 1 0
899 758 7 2 1
925 758 5 10 1
930 758 1 1 0
931 758 7 2 1
834 759 1 9 1
866 759 1 9 1
898 759 1 9 1
930 759 1 9 1
835 760 5 8 1
840 760 1 1 0
841 760 1 8 1
843 760 15 8 1
858 760 1 1 0
859 760 1 8 1
867 760 5 8 1
872 760 1 1 0
873 760 1 8 1
875 760 15 8 1
890 760 1 1 0
891 760 1 8 1
899 760 5 8 1
904 760 1 1 0
905 760 1 8 1
907 760 15 8 1
922 760 1 1 0
923 760 1 8 1
931 760 5 8 1
936 760 1 1 0
937 760 1 8 1
939 760 15 8 1
954 760 1 1 0
955 760 1 8 1
840 761 1 1 1
858 761 1 7 1
872 761 1 1 1
890 761 1 7 1
904 761 1 1 1
922 761 1 7 1
936 761 1 1 1
954 761 1 7 1
840 762 1 1 0
872 762 1 1 0
904 762 1 1 0
936 762 1 1 0
840 763 1 1 1
872 763 1 1 1
904 763 1 1 1
936 763 1 1 1
840 764 1 1 0
872 764 1 1 0
904 764 1 1 0
936 764 1 1 0
840 765 1 3 1
872 765 1 3 1
904 765 1 3 1
936 765 1 3 1
