0 0 1366 32 0
0 32 352 384 0
737 32 3 285 0
1025 32 3 285 0
1344 32 22 736 0
736 34 1 4 0
740 34 1 4 0
1024 34 1 4 0
1028 34 1 4 0
736 40 1 4 0
740 40 1 4 0
1024 40 1 4 0
1028 40 1 4 0
736 46 1 4 0
740 46 1 4 0
1024 46 1 4 0
1028 46 1 4 0
736 52 1 4 0
740 52 1 4 0
1024 52 1 4 0
1028 52 1 4 0
736 58 1 4 0
740 58 1 4 0
1024 58 1 4 0
1028 58 1 4 0
736 66 1 4 0
740 66 1 4 0
1024 66 1 4 0
1028 66 1 4 0
736 72 1 4 0
740 72 1 4 0
1024 72 1 4 0
1028 72 1 4 0
736 78 1 4 0
740 78 1 4 0
1024 78 1 4 0
1028 78 1 4 0
736 84 1 4 0
740 84 1 4 0
1024 84 1 4 0
1028 84 1 4 0
736 90 1 4 0
740 90 1 4 0
1024 90 1 4 0
1028 90 1 4 0
736 98 1 4 0
740 98 1 4 0
1024 98 1 4 0
1028 98 1 4 0
736 104 1 4 0
740 104 1 4 0
1024 104 1 4 0
1028 104 1 4 0
736 110 1 4 0
740 110 1 4 0
1024 110 1 4 0
1028 110 1 4 0
736 116 1 4 0
740 116 1 4 0
1024 116 1 4 0
1028 116 1 4 0
736 122 1 4 0
740 122 1 4 0
1024 122 1 4 0
1028 122 1 4 0
736 130 1 4 0
740 130 1 4 0
1024 130 1 4 0
1028 130 1 4 0
736 136 1 4 0
740 136 1 4 0
1024 136 1 4 0
1028 136 1 4 0
736 142 1 4 0
740 142 1 4 0
1024 142 1 4 0
1028 142 1 4 0
736 148 1 4 0
740 148 1 4 0
1024 148 1 4 0
1028 148 1 4 0
736 154 1 4 0
740 154 1 4 0
1024 154 1 4 0
1028 154 1 4 0
736 160 1 4 0
740 160 1 4 0
1024 160 1 4 0
1028 160 1 4 0
736 166 1 4 0
740 166 1 4 0
1024 166 1 4 0
1028 166 1 4 0
736 172 1 4 0
740 172 1 4 0
1024 172 1 4 0
1028 172 1 4 0
736 178 1 4 0
740 178 1 4 0
1024 178 1 4 0
1028 178 1 4 0
736 184 1 4 0
740 184 1 4 0
1024 184 1 4 0
1028 184 1 4 0
736 190 1 4 0
740 190 1 4 0
1024 190 1 4 0
1028 190 1 4 0
736 196 1 4 0
740 196 1 4 0
1024 196 1 4 0
1028 196 1 4 0
736 202 1 4 0
740 202 1 4 0
1024 202 1 4 0
1028 202 1 4 0
736 208 1 4 0
740 208 1 4 0
1024 208 1 4 0
1028 208 1 4 0
736 214 1 4 0
740 214 1 4 0
1024 214 1 4 0
1028 214 1 4 0
736 220 1 4 0
740 220 1 4 0
1024 220 1 4 0
1028 220 1 4 0
736 226 1 4 0
740 226 1 4 0
1024 226 1 4 0
1028 226 1 4 0
736 232 1 4 0
740 232 1 4 0
1024 232 1 4 0
1028 232 1 4 0
736 238 1 4 0
740 238 1 4 0
1024 238 1 4 0
1028 238 1 4 0
736 244 1 4 0
740 244 1 4 0
1024 244 1 4 0
1028 244 1 4 0
736 250 1 4 0
740 250 1 4 0
1024 250 1 4 0
1028 250 1 4 0
736 256 1 4 0
740 256 1 4 0
1024 256 1 4 0
1028 256 1 4 0
736 262 1 4 0
740 262 1 4 0
1024 262 1 4 0
1028 262 1 4 0
736 268 1 4 0
740 268 1 4 0
1024 268 1 4 0
1028 268 1 4 0
736 274 1 4 0
740 274 1 4 0
1024 274 1 4 0
1028 274 1 4 0
736 280 1 4 0
740 280 1 4 0
1024 280 1 4 0
1028 280 1 4 0
736 286 1 4 0
740 286 1 4 0
1024 286 1 4 0
1028 286 1 4 0
736 292 1 4 0
740 292 1 4 0
1024 292 1 4 0
1028 292 1 4 0
736 298 1 4 0
740 298 1 4 0
1024 298 1 4 0
1028 298 1 4 0
736 304 1 4 0
740 304 1 4 0
1024 304 1 4 0
1028 304 1 4 0
736 310 1 4 0
740 310 1 4 0
1024 310 1 4 0
1028 310 1 4 0
736 315 1 5 0
1024 315 1 5 0
740 316 1 4 0
1028 316 1 4 0
737 317 1 2 1
738 317 2 16 0
1025 317 1 2 1
1026 317 2 16 0
737 319 1 4 0
1025 319 1 4 0
736 322 1 4 0
740 322 1 4 0
1024 322 1 4 0
1028 322 1 4 0
737 323 1 1 1
1025 323 1 1 1
734 324 1 12 0
737 324 1 5 0
743 324 1 15 0
1022 324 1 12 0
1025 324 1 5 0
1031 324 1 15 0
719 325 1 21 0
733 325 1 14 0
735 325 1 16 0
742 325 1 15 0
744 325 1 13 0
757 325 1 21 0
1007 325 1 21 0
1021 325 1 14 0
1023 325 1 16 0
1030 325 1 15 0
1032 325 1 13 0
1045 325 1 21 0
718 326 1 19 0
720 326 1 19 0
732 326 1 12 0
741 326 1 15 0
750 326 1 20 0
756 326 1 19 0
758 326 1 19 0
1006 326 1 19 0
1008 326 1 19 0
1020 326 1 12 0
1029 326 1 15 0
1038 326 1 20 0
1044 326 1 19 0
1046 326 1 19 0
725 327 1 12 0
751 327 1 12 0
1013 327 1 12 0
1039 327 1 12 0
722 328 1 14 0
724 328 1 10 0
726 328 1 18 0
736 328 1 6 0
740 328 1 6 0
752 328 3 10 0
1010 328 1 14 0
1012 328 1 10 0
1014 328 1 18 0
1024 328 1 6 0
1028 328 1 6 0
1040 328 3 10 0
721 329 1 14 0
723 329 1 11 0
737 329 1 1 1
755 329 1 14 0
1009 329 1 14 0
1011 329 1 11 0
1025 329 1 1 1
1043 329 1 14 0
715 330 2 12 0
737 330 1 16 0
760 330 2 12 0
1003 330 2 12 0
1025 330 1 16 0
1048 330 2 12 0
714 331 1 12 0
717 331 1 11 0
729 331 1 9 0
747 331 1 9 0
759 331 1 11 0
762 331 1 12 0
1002 331 1 12 0
1005 331 1 11 0
1017 331 1 9 0
1035 331 1 9 0
1047 331 1 11 0
1050 331 1 12 0
728 332 1 14 0
730 332 1 7 0
746 332 1 7 0
748 332 1 14 0
1016 332 1 14 0
1018 332 1 7 0
1034 332 1 7 0
1036 332 1 14 0
738 333 1 2 1
739 333 1 17 0
1026 333 1 2 1
1027 333 1 17 0
731 334 1 4 0
736 334 1 5 1
740 334 1 4 1
745 334 1 4 0
1019 334 1 4 0
1024 334 1 5 1
1028 334 1 4 1
1033 334 1 4 0
727 335 1 12 0
738 335 1 11 0
749 335 1 12 0
1015 335 1 12 0
1026 335 1 11 0
1037 335 1 12 0
734 336 1 1 1
1022 336 1 1 1
711 337 3 3 0
734 337 1 3 0
763 337 3 3 0
999 337 3 3 0
1022 337 1 3 0
1051 337 3 3 0
710 338 1 3 0
740 338 1 4 0
753 338 2 2 0
766 338 1 3 0
998 338 1 3 0
1028 338 1 4 0
1041 338 2 2 0
1054 338 1 3 0
709 339 1 1 0
736 339 1 3 0
767 339 1 1 0
997 339 1 1 0
1024 339 1 3 0
1055 339 1 1 0
713 340 1 2 0
754 340 1 2 0
763 340 1 2 0
1001 340 1 2 0
1042 340 1 2 0
1051 340 1 2 0
736 344 1 4 0
740 344 1 4 0
1024 344 1 4 0
1028 344 1 4 0
732 346 2 3 0
735 346 1 3 0
737 346 2 1 1
741 346 1 3 0
743 346 2 3 0
1020 346 2 3 0
1023 346 1 3 0
1025 346 2 1 1
1029 346 1 3 0
1031 346 2 3 0
731 347 1 1 0
734 347 1 3 0
737 347 2 3 0
742 347 1 3 0
745 347 1 1 0
1019 347 1 1 0
1022 347 1 3 0
1025 347 2 3 0
1030 347 1 3 0
1033 347 1 1 0
733 349 1 1 0
743 349 1 1 0
1021 349 1 1 0
1031 349 1 1 0
738 350 1 6 0
1026 350 1 6 0
737 351 1 4 0
739 351 1 4 0
1025 351 1 4 0
1027 351 1 4 0
736 352 1 3 0
740 352 1 3 0
1024 352 1 3 0
1028 352 1 3 0
735 353 1 1 0
741 353 1 1 0
1023 353 1 1 0
1029 353 1 1 0
0 416 320 32 0
0 448 288 32 0
0 480 192 32 0
0 512 160 32 0
0 544 128 32 0
512 608 832 160 0
480 640 32 128 0
448 672 32 96 0
416 704 32 64 0
0 736 416 32 0
