672 0 32 376 0
668 302 4 74 0
704 302 4 74 0
666 304 2 72 0
708 304 2 72 0
662 312 4 64 0
710 312 2 64 0
660 314 2 62 0
712 314 4 62 0
658 316 2 60 0
716 318 2 58 0
656 320 2 56 0
718 320 2 56 0
654 332 2 44 0
720 332 2 44 0
652 336 2 40 0
722 336 2 40 0
650 338 2 38 0
724 338 2 38 0
648 340 2 36 0
726 340 2 36 0
644 344 4 32 0
728 344 4 32 0
642 346 2 30 0
732 346 2 30 0
638 348 4 28 0
734 348 4 28 0
584 350 16 26 0
628 350 10 26 0
738 350 10 26 0
776 350 16 26 0
626 352 2 24 0
748 352 2 24 0
580 354 4 22 0
624 354 2 22 0
750 354 2 22 0
792 354 4 22 0
600 356 24 20 0
752 356 24 20 0
578 362 2 14 0
796 362 2 14 0
0 416 190 14 0
578 416 220 14 0
1186 416 180 14 0
0 430 188 6 0
580 430 216 6 0
1188 430 178 6 0
16 436 128 2 0
168 436 20 2 0
580 436 20 2 0
624 436 128 2 0
776 436 20 2 0
1188 436 20 2 0
1232 436 128 2 0
18 438 124 2 0
168 438 16 4 0
584 438 16 4 0
626 438 124 2 0
776 438 16 4 0
1192 438 16 4 0
1234 438 124 2 0
20 440 120 2 0
628 440 120 2 0
1236 440 120 2 0
30 442 100 2 0
638 442 100 2 0
1246 442 100 2 0
34 444 92 2 0
642 444 92 2 0
1250 444 92 2 0
36 446 88 2 0
644 446 88 2 0
1252 446 88 2 0
40 448 80 4 0
648 448 80 4 0
1256 448 80 4 0
42 452 76 2 0
650 452 76 2 0
1258 452 76 2 0
44 454 72 2 0
652 454 72 2 0
1260 454 72 2 0
46 456 68 4 0
654 456 68 4 0
1262 456 68 4 0
48 460 64 12 0
656 460 64 12 0
1264 460 64 12 0
50 472 60 2 0
658 472 60 2 0
1266 472 60 2 0
52 474 58 2 0
660 474 58 2 0
1266 474 58 2 0
52 476 56 2 0
660 476 56 2 0
1268 476 56 2 0
56 478 50 2 0
664 478 50 2 0
1270 478 50 2 0
58 480 44 8 0
666 480 44 8 0
1274 480 44 8 0
60 488 40 2 0
668 488 40 2 0
1276 488 40 2 0
64 490 32 278 0
672 490 32 278 0
1280 490 32 278 0
