356 256 88 6 0
932 256 88 6 0
358 262 84 16 0
934 262 84 16 0
356 272 2 6 0
442 272 2 6 0
932 272 2 6 0
1018 272 2 6 0
612 384 152 6 0
614 390 148 16 0
612 400 2 6 0
762 400 2 6 0
0 416 190 14 0
1186 416 180 14 0
0 430 188 6 0
1188 430 178 6 0
16 436 128 2 0
168 436 20 2 0
1188 436 20 2 0
1232 436 128 2 0
18 438 124 2 0
168 438 16 4 0
1192 438 16 4 0
1234 438 124 2 0
20 440 120 2 0
1236 440 120 2 0
30 442 100 2 0
1246 442 100 2 0
34 444 92 2 0
1250 444 92 2 0
36 446 88 2 0
1252 446 88 2 0
40 448 80 4 0
1256 448 80 4 0
42 452 76 2 0
1258 452 76 2 0
44 454 72 2 0
1260 454 72 2 0
46 456 68 4 0
1262 456 68 4 0
48 460 64 12 0
1264 460 64 12 0
50 472 60 2 0
1266 472 60 2 0
52 474 58 2 0
1268 474 58 2 0
52 476 56 2 0
1268 476 56 2 0
56 478 50 2 0
1272 478 50 2 0
58 480 44 8 0
1274 480 44 8 0
60 488 40 2 0
1276 488 40 2 0
64 490 32 278 0
1280 490 32 278 0
356 512 88 6 0
932 512 88 6 0
358 518 84 16 0
934 518 84 16 0
356 528 2 6 0
442 528 2 6 0
932 528 2 6 0
1018 528 2 6 0
