0 0 1366 32 0
1216 32 150 32 0
1344 64 22 256 0
128 224 160 544 0
1216 224 128 128 0
1216 352 96 32 0
1216 384 64 32 0
326 416 2 32 1
342 416 2 32 1
350 416 2 32 1
358 416 2 32 1
374 416 2 32 1
382 416 2 32 1
390 416 2 32 1
406 416 2 32 1
1216 416 32 32 0
324 418 2 30 1
328 418 2 30 1
334 418 2 30 1
340 418 2 30 1
344 418 2 30 1
348 418 2 30 1
352 418 2 30 1
356 418 2 30 1
360 418 2 30 1
366 418 2 30 1
372 418 2 30 1
376 418 2 30 1
380 418 2 30 1
384 418 2 30 1
388 418 2 30 1
392 418 2 30 1
398 418 2 30 1
404 418 2 30 1
408 418 2 30 1
332 420 2 28 1
336 420 2 28 1
364 420 2 28 1
368 420 2 28 1
396 420 2 28 1
400 420 2 28 1
346 422 2 26 1
354 422 2 26 1
378 422 2 26 1
330 424 2 24 1
338 424 2 24 1
362 424 2 24 1
370 424 2 24 1
394 424 2 24 1
402 424 2 24 1
410 424 2 24 1
322 426 2 22 1
386 426 2 22 1
320 430 2 18 1
412 430 2 18 1
414 434 2 14 1
320 448 96 320 0
742 480 2 32 1
758 480 2 32 1
766 480 2 32 1
774 480 2 32 1
790 480 2 32 1
1344 480 22 288 0
740 482 2 30 1
744 482 2 30 1
750 482 2 30 1
756 482 2 30 1
760 482 2 30 1
764 482 2 30 1
768 482 2 30 1
772 482 2 30 1
776 482 2 30 1
782 482 2 30 1
788 482 2 30 1
792 482 2 30 1
748 484 2 28 1
752 484 2 28 1
780 484 2 28 1
784 484 2 28 1
762 486 2 26 1
746 488 2 24 1
754 488 2 24 1
778 488 2 24 1
786 488 2 24 1
794 488 2 24 1
738 490 2 22 1
770 490 2 22 1
736 494 2 18 1
796 494 2 18 1
798 498 2 14 1
614 512 2 32 1
630 512 2 32 1
638 512 2 32 1
646 512 2 32 1
662 512 2 32 1
670 512 2 32 1
678 512 2 32 1
694 512 2 32 1
736 512 64 256 0
1312 512 32 256 0
612 514 2 30 1
616 514 2 30 1
622 514 2 30 1
628 514 2 30 1
632 514 2 30 1
636 514 2 30 1
640 514 2 30 1
644 514 2 30 1
648 514 2 30 1
654 514 2 30 1
660 514 2 30 1
664 514 2 30 1
668 514 2 30 1
672 514 2 30 1
676 514 2 30 1
680 514 2 30 1
686 514 2 30 1
692 514 2 30 1
696 514 2 30 1
620 516 2 28 1
624 516 2 28 1
652 516 2 28 1
656 516 2 28 1
684 516 2 28 1
688 516 2 28 1
634 518 2 26 1
642 518 2 26 1
666 518 2 26 1
618 520 2 24 1
626 520 2 24 1
650 520 2 24 1
658 520 2 24 1
682 520 2 24 1
690 520 2 24 1
698 520 2 24 1
610 522 2 22 1
674 522 2 22 1
608 526 2 18 1
700 526 2 18 1
702 530 2 14 1
454 544 2 32 1
470 544 2 32 1
478 544 2 32 1
486 544 2 32 1
502 544 2 32 1
510 544 2 32 1
518 544 2 32 1
534 544 2 32 1
608 544 96 224 0
1280 544 32 224 0
452 546 2 30 1
456 546 2 30 1
462 546 2 30 1
468 546 2 30 1
472 546 2 30 1
476 546 2 30 1
480 546 2 30 1
484 546 2 30 1
488 546 2 30 1
494 546 2 30 1
500 546 2 30 1
504 546 2 30 1
508 546 2 30 1
512 546 2 30 1
516 546 2 30 1
520 546 2 30 1
526 546 2 30 1
532 546 2 30 1
536 546 2 30 1
460 548 2 28 1
464 548 2 28 1
492 548 2 28 1
496 548 2 28 1
524 548 2 28 1
528 548 2 28 1
474 550 2 26 1
482 550 2 26 1
506 550 2 26 1
458 552 2 24 1
466 552 2 24 1
490 552 2 24 1
498 552 2 24 1
522 552 2 24 1
530 552 2 24 1
538 552 2 24 1
450 554 2 22 1
514 554 2 22 1
448 558 2 18 1
540 558 2 18 1
542 562 2 14 1
448 576 96 192 0
1248 576 32 192 0
0 608 128 160 0
838 608 2 32 1
854 608 2 32 1
862 608 2 32 1
870 608 2 32 1
886 608 2 32 1
894 608 2 32 1
902 608 2 32 1
918 608 2 32 1
926 608 2 32 1
934 608 2 32 1
950 608 2 32 1
958 608 2 32 1
966 608 2 32 1
982 608 2 32 1
1062 608 2 32 1
1078 608 2 32 1
1086 608 2 32 1
1094 608 2 32 1
1110 608 2 32 1
1216 608 32 160 0
836 610 2 30 1
840 610 2 30 1
846 610 2 30 1
852 610 2 30 1
856 610 2 30 1
860 610 2 30 1
864 610 2 30 1
868 610 2 30 1
872 610 2 30 1
878 610 2 30 1
884 610 2 30 1
888 610 2 30 1
892 610 2 30 1
896 610 2 30 1
900 610 2 30 1
904 610 2 30 1
910 610 2 30 1
916 610 2 30 1
920 610 2 30 1
924 610 2 30 1
928 610 2 30 1
932 610 2 30 1
936 610 2 30 1
942 610 2 30 1
948 610 2 30 1
952 610 2 30 1
956 610 2 30 1
960 610 2 30 1
964 610 2 30 1
968 610 2 30 1
974 610 2 30 1
980 610 2 30 1
984 610 2 30 1
1060 610 2 30 1
1064 610 2 30 1
1070 610 2 30 1
1076 610 2 30 1
1080 610 2 30 1
1084 610 2 30 1
1088 610 2 30 1
1092 610 2 30 1
1096 610 2 30 1
1102 610 2 30 1
1108 610 2 30 1
1112 610 2 30 1
844 612 2 28 1
848 612 2 28 1
876 612 2 28 1
880 612 2 28 1
908 612 2 28 1
912 612 2 28 1
940 612 2 28 1
944 612 2 28 1
972 612 2 28 1
976 612 2 28 1
1068 612 2 28 1
1072 612 2 28 1
1100 612 2 28 1
1104 612 2 28 1
858 614 2 26 1
866 614 2 26 1
890 614 2 26 1
898 614 2 26 1
922 614 2 26 1
930 614 2 26 1
954 614 2 26 1
1082 614 2 26 1
842 616 2 24 1
850 616 2 24 1
874 616 2 24 1
882 616 2 24 1
906 616 2 24 1
914 616 2 24 1
938 616 2 24 1
946 616 2 24 1
970 616 2 24 1
978 616 2 24 1
986 616 2 24 1
1066 616 2 24 1
1074 616 2 24 1
1098 616 2 24 1
1106 616 2 24 1
1114 616 2 24 1
834 618 2 22 1
962 618 2 22 1
1058 618 2 22 1
1090 618 2 22 1
832 622 2 18 1
988 622 2 18 1
1056 622 2 18 1
1116 622 2 18 1
990 626 2 14 1
1118 626 2 14 1
806 640 2 32 1
822 640 2 32 1
832 640 160 128 0
998 640 2 32 1
1014 640 2 32 1
1022 640 2 32 1
1030 640 2 32 1
1046 640 2 32 1
1056 640 64 128 0
1126 640 2 32 1
1142 640 2 32 1
1150 640 2 32 1
1158 640 2 32 1
1174 640 2 32 1
1182 640 2 32 1
1190 640 2 32 1
1206 640 2 32 1
804 642 2 30 1
808 642 2 30 1
814 642 2 30 1
820 642 2 30 1
824 642 2 30 1
996 642 2 30 1
1000 642 2 30 1
1006 642 2 30 1
1012 642 2 30 1
1016 642 2 30 1
1020 642 2 30 1
1024 642 2 30 1
1028 642 2 30 1
1032 642 2 30 1
1038 642 2 30 1
1044 642 2 30 1
1048 642 2 30 1
1124 642 2 30 1
1128 642 2 30 1
1134 642 2 30 1
1140 642 2 30 1
1144 642 2 30 1
1148 642 2 30 1
1152 642 2 30 1
1156 642 2 30 1
1160 642 2 30 1
1166 642 2 30 1
1172 642 2 30 1
1176 642 2 30 1
1180 642 2 30 1
1184 642 2 30 1
1188 642 2 30 1
1192 642 2 30 1
1198 642 2 30 1
1204 642 2 30 1
1208 642 2 30 1
812 644 2 28 1
816 644 2 28 1
1004 644 2 28 1
1008 644 2 28 1
1036 644 2 28 1
1040 644 2 28 1
1132 644 2 28 1
1136 644 2 28 1
1164 644 2 28 1
1168 644 2 28 1
1196 644 2 28 1
1200 644 2 28 1
1018 646 2 26 1
1146 646 2 26 1
1154 646 2 26 1
1178 646 2 26 1
810 648 2 24 1
818 648 2 24 1
826 648 2 24 1
1002 648 2 24 1
1010 648 2 24 1
1034 648 2 24 1
1042 648 2 24 1
1050 648 2 24 1
1130 648 2 24 1
1138 648 2 24 1
1162 648 2 24 1
1170 648 2 24 1
1194 648 2 24 1
1202 648 2 24 1
1210 648 2 24 1
802 650 2 22 1
994 650 2 22 1
1026 650 2 22 1
1122 650 2 22 1
1186 650 2 22 1
800 654 2 18 1
828 654 2 18 1
992 654 2 18 1
1052 654 2 18 1
1120 654 2 18 1
1212 654 2 18 1
830 658 2 14 1
1054 658 2 14 1
1214 658 2 14 1
294 672 2 32 1
310 672 2 32 1
422 672 2 32 1
438 672 2 32 1
550 672 2 32 1
566 672 2 32 1
574 672 2 32 1
582 672 2 32 1
598 672 2 32 1
710 672 2 32 1
726 672 2 32 1
800 672 32 96 0
992 672 64 96 0
1120 672 96 96 0
292 674 2 30 1
296 674 2 30 1
302 674 2 30 1
308 674 2 30 1
312 674 2 30 1
420 674 2 30 1
424 674 2 30 1
430 674 2 30 1
436 674 2 30 1
440 674 2 30 1
548 674 2 30 1
552 674 2 30 1
558 674 2 30 1
564 674 2 30 1
568 674 2 30 1
572 674 2 30 1
576 674 2 30 1
580 674 2 30 1
584 674 2 30 1
590 674 2 30 1
596 674 2 30 1
600 674 2 30 1
708 674 2 30 1
712 674 2 30 1
718 674 2 30 1
724 674 2 30 1
728 674 2 30 1
300 676 2 28 1
304 676 2 28 1
428 676 2 28 1
432 676 2 28 1
556 676 2 28 1
560 676 2 28 1
588 676 2 28 1
592 676 2 28 1
716 676 2 28 1
720 676 2 28 1
570 678 2 26 1
298 680 2 24 1
306 680 2 24 1
314 680 2 24 1
426 680 2 24 1
434 680 2 24 1
442 680 2 24 1
554 680 2 24 1
562 680 2 24 1
586 680 2 24 1
594 680 2 24 1
602 680 2 24 1
714 680 2 24 1
722 680 2 24 1
730 680 2 24 1
290 682 2 22 1
418 682 2 22 1
546 682 2 22 1
578 682 2 22 1
706 682 2 22 1
288 686 2 18 1
316 686 2 18 1
416 686 2 18 1
444 686 2 18 1
544 686 2 18 1
604 686 2 18 1
704 686 2 18 1
732 686 2 18 1
318 690 2 14 1
446 690 2 14 1
606 690 2 14 1
734 690 2 14 1
288 704 32 64 0
416 704 32 64 0
544 704 64 64 0
704 704 32 64 0
