0 0 1366 32 0
448 32 480 96 0
1344 32 22 192 0
0 512 32 256 0
32 544 32 224 0
64 576 128 192 0
1184 576 182 192 0
448 640 480 128 0
1062 640 2 32 1
1078 640 2 32 1
1086 640 2 32 1
1094 640 2 32 1
1110 640 2 32 1
1060 642 2 30 1
1064 642 2 30 1
1070 642 2 30 1
1076 642 2 30 1
1080 642 2 30 1
1084 642 2 30 1
1088 642 2 30 1
1092 642 2 30 1
1096 642 2 30 1
1102 642 2 30 1
1108 642 2 30 1
1112 642 2 30 1
1068 644 2 28 1
1072 644 2 28 1
1100 644 2 28 1
1104 644 2 28 1
1082 646 2 26 1
1066 648 2 24 1
1074 648 2 24 1
1098 648 2 24 1
1106 648 2 24 1
1114 648 2 24 1
1058 650 2 22 1
1090 650 2 22 1
1056 654 2 18 1
1116 654 2 18 1
1118 658 2 14 1
262 672 2 32 1
278 672 2 32 1
286 672 2 32 1
294 672 2 32 1
310 672 2 32 1
966 672 2 32 1
982 672 2 32 1
1056 672 64 96 0
260 674 2 30 1
264 674 2 30 1
270 674 2 30 1
276 674 2 30 1
280 674 2 30 1
284 674 2 30 1
288 674 2 30 1
292 674 2 30 1
296 674 2 30 1
302 674 2 30 1
308 674 2 30 1
312 674 2 30 1
964 674 2 30 1
968 674 2 30 1
974 674 2 30 1
980 674 2 30 1
984 674 2 30 1
268 676 2 28 1
272 676 2 28 1
300 676 2 28 1
304 676 2 28 1
972 676 2 28 1
976 676 2 28 1
282 678 2 26 1
266 680 2 24 1
274 680 2 24 1
298 680 2 24 1
306 680 2 24 1
314 680 2 24 1
970 680 2 24 1
978 680 2 24 1
986 680 2 24 1
258 682 2 22 1
290 682 2 22 1
962 682 2 22 1
256 686 2 18 1
316 686 2 18 1
960 686 2 18 1
988 686 2 18 1
318 690 2 14 1
990 690 2 14 1
198 704 2 32 1
214 704 2 32 1
222 704 2 32 1
230 704 2 32 1
246 704 2 32 1
254 704 2 32 1
256 704 64 64 0
326 704 2 32 1
342 704 2 32 1
350 704 2 32 1
358 704 2 32 1
374 704 2 32 1
382 704 2 32 1
390 704 2 32 1
406 704 2 32 1
414 704 2 32 1
422 704 2 32 1
438 704 2 32 1
934 704 2 32 1
950 704 2 32 1
960 704 32 64 0
998 704 2 32 1
1014 704 2 32 1
1022 704 2 32 1
1030 704 2 32 1
1046 704 2 32 1
1126 704 2 32 1
1142 704 2 32 1
1150 704 2 32 1
1158 704 2 32 1
1174 704 2 32 1
196 706 2 30 1
200 706 2 30 1
206 706 2 30 1
212 706 2 30 1
216 706 2 30 1
220 706 2 30 1
224 706 2 30 1
228 706 2 30 1
232 706 2 30 1
238 706 2 30 1
244 706 2 30 1
248 706 2 30 1
252 706 2 30 1
320 706 2 30 1
324 706 2 30 1
328 706 2 30 1
334 706 2 30 1
340 706 2 30 1
344 706 2 30 1
348 706 2 30 1
352 706 2 30 1
356 706 2 30 1
360 706 2 30 1
366 706 2 30 1
372 706 2 30 1
376 706 2 30 1
380 706 2 30 1
384 706 2 30 1
388 706 2 30 1
392 706 2 30 1
398 706 2 30 1
404 706 2 30 1
408 706 2 30 1
412 706 2 30 1
416 706 2 30 1
420 706 2 30 1
424 706 2 30 1
430 706 2 30 1
436 706 2 30 1
440 706 2 30 1
932 706 2 30 1
936 706 2 30 1
942 706 2 30 1
948 706 2 30 1
952 706 2 30 1
996 706 2 30 1
1000 706 2 30 1
1006 706 2 30 1
1012 706 2 30 1
1016 706 2 30 1
1020 706 2 30 1
1024 706 2 30 1
1028 706 2 30 1
1032 706 2 30 1
1038 706 2 30 1
1044 706 2 30 1
1048 706 2 30 1
1124 706 2 30 1
1128 706 2 30 1
1134 706 2 30 1
1140 706 2 30 1
1144 706 2 30 1
1148 706 2 30 1
1152 706 2 30 1
1156 706 2 30 1
1160 706 2 30 1
1166 706 2 30 1
1172 706 2 30 1
1176 706 2 30 1
204 708 2 28 1
208 708 2 28 1
236 708 2 28 1
240 708 2 28 1
332 708 2 28 1
336 708 2 28 1
364 708 2 28 1
368 708 2 28 1
396 708 2 28 1
400 708 2 28 1
428 708 2 28 1
432 708 2 28 1
940 708 2 28 1
944 708 2 28 1
1004 708 2 28 1
1008 708 2 28 1
1036 708 2 28 1
1040 708 2 28 1
1132 708 2 28 1
1136 708 2 28 1
1164 708 2 28 1
1168 708 2 28 1
218 710 2 26 1
226 710 2 26 1
250 710 2 26 1
322 710 2 26 1
346 710 2 26 1
354 710 2 26 1
378 710 2 26 1
386 710 2 26 1
410 710 2 26 1
1018 710 2 26 1
1146 710 2 26 1
202 712 2 24 1
210 712 2 24 1
234 712 2 24 1
242 712 2 24 1
330 712 2 24 1
338 712 2 24 1
362 712 2 24 1
370 712 2 24 1
394 712 2 24 1
402 712 2 24 1
426 712 2 24 1
434 712 2 24 1
442 712 2 24 1
938 712 2 24 1
946 712 2 24 1
954 712 2 24 1
1002 712 2 24 1
1010 712 2 24 1
1034 712 2 24 1
1042 712 2 24 1
1050 712 2 24 1
1130 712 2 24 1
1138 712 2 24 1
1162 712 2 24 1
1170 712 2 24 1
1178 712 2 24 1
194 714 2 22 1
418 714 2 22 1
930 714 2 22 1
994 714 2 22 1
1026 714 2 22 1
1122 714 2 22 1
1154 714 2 22 1
192 718 2 18 1
444 718 2 18 1
928 718 2 18 1
956 718 2 18 1
992 718 2 18 1
1052 718 2 18 1
1120 718 2 18 1
1180 718 2 18 1
446 722 2 14 1
958 722 2 14 1
1054 722 2 14 1
1182 722 2 14 1
192 736 64 32 0
320 736 128 32 0
928 736 32 32 0
992 736 64 32 0
1120 736 64 32 0
