0 0 1366 32 0
0 32 224 32 0
320 32 736 32 0
0 64 192 32 0
352 64 672 32 0
0 96 160 32 0
384 96 608 32 0
0 128 128 32 0
416 128 544 32 0
0 160 96 32 0
448 160 480 32 0
0 192 64 32 0
448 192 480 14 1
448 206 478 4 1
450 210 474 4 1
452 214 446 2 1
898 214 2 4 0
900 214 24 2 1
452 216 6 6 1
460 216 6 4 1
468 216 22 2 1
492 216 6 4 1
500 216 22 2 1
524 216 6 4 1
532 216 22 2 1
556 216 6 4 1
564 216 22 2 1
588 216 6 4 1
596 216 22 2 1
620 216 6 4 1
628 216 22 2 1
652 216 6 4 1
660 216 22 2 1
684 216 6 4 1
692 216 22 2 1
716 216 6 4 1
724 216 22 2 1
748 216 6 4 1
756 216 22 2 1
780 216 6 4 1
788 216 22 2 1
812 216 6 4 1
820 216 22 2 1
844 216 6 4 1
852 216 22 2 1
876 216 6 4 1
884 216 14 2 1
900 216 6 6 1
908 216 6 4 1
916 216 6 6 1
468 218 6 4 1
476 218 6 4 1
484 218 6 4 1
500 218 6 4 1
508 218 6 4 1
516 218 6 4 1
532 218 6 4 1
540 218 6 4 1
548 218 6 4 1
564 218 6 4 1
572 218 6 4 1
580 218 6 4 1
596 218 6 4 1
604 218 6 4 1
612 218 6 4 1
628 218 6 4 1
636 218 6 4 1
644 218 6 4 1
660 218 6 4 1
668 218 6 4 1
676 218 6 4 1
692 218 6 4 1
700 218 6 4 1
708 218 6 4 1
724 218 6 4 1
732 218 6 4 1
740 218 6 4 1
756 218 6 4 1
764 218 6 4 1
772 218 6 4 1
788 218 6 4 1
796 218 6 4 1
804 218 6 4 1
820 218 6 4 1
828 218 6 4 1
836 218 6 4 1
852 218 6 4 1
860 218 6 4 1
868 218 6 4 1
884 218 6 4 1
892 218 6 4 1
462 220 2 2 1
494 220 2 2 1
526 220 2 2 1
558 220 2 2 1
590 220 2 2 1
622 220 2 2 1
654 220 2 2 1
686 220 2 2 1
718 220 2 2 1
750 220 2 2 1
782 220 2 2 1
814 220 2 2 1
846 220 2 2 1
878 220 2 2 1
910 220 2 2 1
454 222 2 2 1
470 222 2 2 1
478 222 2 2 1
486 222 2 2 1
502 222 2 2 1
510 222 2 2 1
518 222 2 2 1
534 222 2 2 1
542 222 2 2 1
550 222 2 2 1
566 222 2 2 1
574 222 2 2 1
582 222 2 2 1
598 222 2 2 1
606 222 2 2 1
614 222 2 2 1
630 222 2 2 1
638 222 2 2 1
646 222 2 2 1
662 222 2 2 1
670 222 2 2 1
678 222 2 2 1
694 222 2 2 1
702 222 2 2 1
710 222 2 2 1
726 222 2 2 1
734 222 2 2 1
742 222 2 2 1
758 222 2 2 1
766 222 2 2 1
774 222 2 2 1
790 222 2 2 1
798 222 2 2 1
806 222 2 2 1
822 222 2 2 1
830 222 2 2 1
838 222 2 2 1
854 222 2 2 1
862 222 2 2 1
870 222 2 2 1
886 222 2 2 1
894 222 2 2 1
902 222 2 2 1
918 222 2 2 1
454 544 2 32 1
470 544 2 32 1
478 544 2 32 1
486 544 2 32 1
502 544 2 32 1
510 544 2 32 1
518 544 2 32 1
534 544 2 32 1
542 544 2 32 1
550 544 2 32 1
566 544 2 32 1
574 544 2 32 1
582 544 2 32 1
598 544 2 32 1
606 544 2 32 1
614 544 2 32 1
630 544 2 32 1
638 544 2 32 1
646 544 2 32 1
662 544 2 32 1
670 544 2 32 1
678 544 2 32 1
694 544 2 32 1
702 544 2 32 1
710 544 2 32 1
726 544 2 32 1
734 544 2 32 1
742 544 2 32 1
758 544 2 32 1
766 544 2 32 1
774 544 2 32 1
790 544 2 32 1
798 544 2 32 1
806 544 2 32 1
822 544 2 32 1
830 544 2 32 1
838 544 2 32 1
854 544 2 32 1
862 544 2 32 1
870 544 2 32 1
886 544 2 32 1
894 544 2 32 1
902 544 2 32 1
918 544 2 32 1
452 546 2 30 1
456 546 2 30 1
462 546 2 30 1
468 546 2 30 1
472 546 2 30 1
476 546 2 30 1
480 546 2 30 1
484 546 2 30 1
488 546 2 30 1
494 546 2 30 1
500 546 2 30 1
504 546 2 30 1
508 546 2 30 1
512 546 2 30 1
516 546 2 30 1
520 546 2 30 1
526 546 2 30 1
532 546 2 30 1
536 546 2 30 1
540 546 2 30 1
544 546 2 30 1
548 546 2 30 1
552 546 2 30 1
558 546 2 30 1
564 546 2 30 1
568 546 2 30 1
572 546 2 30 1
576 546 2 30 1
580 546 2 30 1
584 546 2 30 1
590 546 2 30 1
596 546 2 30 1
600 546 2 30 1
604 546 2 30 1
608 546 2 30 1
612 546 2 30 1
616 546 2 30 1
622 546 2 30 1
628 546 2 30 1
632 546 2 30 1
636 546 2 30 1
640 546 2 30 1
644 546 2 30 1
648 546 2 30 1
654 546 2 30 1
660 546 2 30 1
664 546 2 30 1
668 546 2 30 1
672 546 2 30 1
676 546 2 30 1
680 546 2 30 1
686 546 2 30 1
692 546 2 30 1
696 546 2 30 1
700 546 2 30 1
704 546 2 30 1
708 546 2 30 1
712 546 2 30 1
718 546 2 30 1
724 546 2 30 1
728 546 2 30 1
732 546 2 30 1
736 546 2 30 1
740 546 2 30 1
744 546 2 30 1
750 546 2 30 1
756 546 2 30 1
760 546 2 30 1
764 546 2 30 1
768 546 2 30 1
772 546 2 30 1
776 546 2 30 1
782 546 2 30 1
788 546 2 30 1
792 546 2 30 1
796 546 2 30 1
800 546 2 30 1
804 546 2 30 1
808 546 2 30 1
814 546 2 30 1
820 546 2 30 1
824 546 2 30 1
828 546 2 30 1
832 546 2 30 1
836 546 2 30 1
840 546 2 30 1
846 546 2 30 1
852 546 2 30 1
856 546 2 30 1
860 546 2 30 1
864 546 2 30 1
868 546 2 30 1
872 546 2 30 1
878 546 2 30 1
884 546 2 30 1
888 546 2 30 1
892 546 2 30 1
896 546 2 30 1
900 546 2 30 1
904 546 2 30 1
910 546 2 30 1
916 546 2 30 1
920 546 2 30 1
460 548 2 28 1
464 548 2 28 1
492 548 2 28 1
496 548 2 28 1
524 548 2 28 1
528 548 2 28 1
556 548 2 28 1
560 548 2 28 1
588 548 2 28 1
592 548 2 28 1
620 548 2 28 1
624 548 2 28 1
652 548 2 28 1
656 548 2 28 1
684 548 2 28 1
688 548 2 28 1
716 548 2 28 1
720 548 2 28 1
748 548 2 28 1
752 548 2 28 1
780 548 2 28 1
784 548 2 28 1
812 548 2 28 1
816 548 2 28 1
844 548 2 28 1
848 548 2 28 1
876 548 2 28 1
880 548 2 28 1
908 548 2 28 1
912 548 2 28 1
474 550 2 26 1
482 550 2 26 1
506 550 2 26 1
514 550 2 26 1
538 550 2 26 1
546 550 2 26 1
570 550 2 26 1
578 550 2 26 1
602 550 2 26 1
610 550 2 26 1
634 550 2 26 1
642 550 2 26 1
666 550 2 26 1
674 550 2 26 1
698 550 2 26 1
706 550 2 26 1
730 550 2 26 1
738 550 2 26 1
762 550 2 26 1
770 550 2 26 1
794 550 2 26 1
802 550 2 26 1
826 550 2 26 1
834 550 2 26 1
858 550 2 26 1
866 550 2 26 1
890 550 2 26 1
458 552 2 24 1
466 552 2 24 1
490 552 2 24 1
498 552 2 24 1
522 552 2 24 1
530 552 2 24 1
554 552 2 24 1
562 552 2 24 1
586 552 2 24 1
594 552 2 24 1
618 552 2 24 1
626 552 2 24 1
650 552 2 24 1
658 552 2 24 1
682 552 2 24 1
690 552 2 24 1
714 552 2 24 1
722 552 2 24 1
746 552 2 24 1
754 552 2 24 1
778 552 2 24 1
786 552 2 24 1
810 552 2 24 1
818 552 2 24 1
842 552 2 24 1
850 552 2 24 1
874 552 2 24 1
882 552 2 24 1
906 552 2 24 1
914 552 2 24 1
922 552 2 24 1
450 554 2 22 1
898 554 2 22 1
448 558 2 18 1
924 558 2 18 1
926 562 2 14 1
0 576 192 192 0
448 576 480 192 0
1184 576 96 192 0
1280 608 86 160 0
198 704 2 32 1
214 704 2 32 1
222 704 2 32 1
230 704 2 32 1
246 704 2 32 1
254 704 2 32 1
262 704 2 32 1
278 704 2 32 1
286 704 2 32 1
294 704 2 32 1
310 704 2 32 1
318 704 2 32 1
326 704 2 32 1
342 704 2 32 1
350 704 2 32 1
358 704 2 32 1
374 704 2 32 1
382 704 2 32 1
390 704 2 32 1
406 704 2 32 1
414 704 2 32 1
422 704 2 32 1
438 704 2 32 1
934 704 2 32 1
950 704 2 32 1
958 704 2 32 1
966 704 2 32 1
982 704 2 32 1
990 704 2 32 1
998 704 2 32 1
1014 704 2 32 1
1022 704 2 32 1
1030 704 2 32 1
1046 704 2 32 1
1054 704 2 32 1
1062 704 2 32 1
1078 704 2 32 1
1086 704 2 32 1
1094 704 2 32 1
1110 704 2 32 1
1118 704 2 32 1
1126 704 2 32 1
1142 704 2 32 1
1150 704 2 32 1
1158 704 2 32 1
1174 704 2 32 1
196 706 2 30 1
200 706 2 30 1
206 706 2 30 1
212 706 2 30 1
216 706 2 30 1
220 706 2 30 1
224 706 2 30 1
228 706 2 30 1
232 706 2 30 1
238 706 2 30 1
244 706 2 30 1
248 706 2 30 1
252 706 2 30 1
256 706 2 30 1
260 706 2 30 1
264 706 2 30 1
270 706 2 30 1
276 706 2 30 1
280 706 2 30 1
284 706 2 30 1
288 706 2 30 1
292 706 2 30 1
296 706 2 30 1
302 706 2 30 1
308 706 2 30 1
312 706 2 30 1
316 706 2 30 1
320 706 2 30 1
324 706 2 30 1
328 706 2 30 1
334 706 2 30 1
340 706 2 30 1
344 706 2 30 1
348 706 2 30 1
352 706 2 30 1
356 706 2 30 1
360 706 2 30 1
366 706 2 30 1
372 706 2 30 1
376 706 2 30 1
380 706 2 30 1
384 706 2 30 1
388 706 2 30 1
392 706 2 30 1
398 706 2 30 1
404 706 2 30 1
408 706 2 30 1
412 706 2 30 1
416 706 2 30 1
420 706 2 30 1
424 706 2 30 1
430 706 2 30 1
436 706 2 30 1
440 706 2 30 1
932 706 2 30 1
936 706 2 30 1
942 706 2 30 1
948 706 2 30 1
952 706 2 30 1
956 706 2 30 1
960 706 2 30 1
964 706 2 30 1
968 706 2 30 1
974 706 2 30 1
980 706 2 30 1
984 706 2 30 1
988 706 2 30 1
992 706 2 30 1
996 706 2 30 1
1000 706 2 30 1
1006 706 2 30 1
1012 706 2 30 1
1016 706 2 30 1
1020 706 2 30 1
1024 706 2 30 1
1028 706 2 30 1
1032 706 2 30 1
1038 706 2 30 1
1044 706 2 30 1
1048 706 2 30 1
1052 706 2 30 1
1056 706 2 30 1
1060 706 2 30 1
1064 706 2 30 1
1070 706 2 30 1
1076 706 2 30 1
1080 706 2 30 1
1084 706 2 30 1
1088 706 2 30 1
1092 706 2 30 1
1096 706 2 30 1
1102 706 2 30 1
1108 706 2 30 1
1112 706 2 30 1
1116 706 2 30 1
1120 706 2 30 1
1124 706 2 30 1
1128 706 2 30 1
1134 706 2 30 1
1140 706 2 30 1
1144 706 2 30 1
1148 706 2 30 1
1152 706 2 30 1
1156 706 2 30 1
1160 706 2 30 1
1166 706 2 30 1
1172 706 2 30 1
1176 706 2 30 1
204 708 2 28 1
208 708 2 28 1
236 708 2 28 1
240 708 2 28 1
268 708 2 28 1
272 708 2 28 1
300 708 2 28 1
304 708 2 28 1
332 708 2 28 1
336 708 2 28 1
364 708 2 28 1
368 708 2 28 1
396 708 2 28 1
400 708 2 28 1
428 708 2 28 1
432 708 2 28 1
940 708 2 28 1
944 708 2 28 1
972 708 2 28 1
976 708 2 28 1
1004 708 2 28 1
1008 708 2 28 1
1036 708 2 28 1
1040 708 2 28 1
1068 708 2 28 1
1072 708 2 28 1
1100 708 2 28 1
1104 708 2 28 1
1132 708 2 28 1
1136 708 2 28 1
1164 708 2 28 1
1168 708 2 28 1
218 710 2 26 1
226 710 2 26 1
250 710 2 26 1
258 710 2 26 1
282 710 2 26 1
290 710 2 26 1
314 710 2 26 1
322 710 2 26 1
346 710 2 26 1
354 710 2 26 1
378 710 2 26 1
386 710 2 26 1
410 710 2 26 1
954 710 2 26 1
962 710 2 26 1
986 710 2 26 1
994 710 2 26 1
1018 710 2 26 1
1026 710 2 26 1
1050 710 2 26 1
1058 710 2 26 1
1082 710 2 26 1
1090 710 2 26 1
1114 710 2 26 1
1122 710 2 26 1
1146 710 2 26 1
202 712 2 24 1
210 712 2 24 1
234 712 2 24 1
242 712 2 24 1
266 712 2 24 1
274 712 2 24 1
298 712 2 24 1
306 712 2 24 1
330 712 2 24 1
338 712 2 24 1
362 712 2 24 1
370 712 2 24 1
394 712 2 24 1
402 712 2 24 1
426 712 2 24 1
434 712 2 24 1
442 712 2 24 1
938 712 2 24 1
946 712 2 24 1
970 712 2 24 1
978 712 2 24 1
1002 712 2 24 1
1010 712 2 24 1
1034 712 2 24 1
1042 712 2 24 1
1066 712 2 24 1
1074 712 2 24 1
1098 712 2 24 1
1106 712 2 24 1
1130 712 2 24 1
1138 712 2 24 1
1162 712 2 24 1
1170 712 2 24 1
1178 712 2 24 1
194 714 2 22 1
418 714 2 22 1
930 714 2 22 1
1154 714 2 22 1
192 718 2 18 1
444 718 2 18 1
928 718 2 18 1
1180 718 2 18 1
446 722 2 14 1
1182 722 2 14 1
192 736 256 32 0
928 736 256 32 0
