1248 0 32 408 0
290 320 220 14 0
674 320 220 14 0
292 334 216 6 0
676 334 216 6 0
1244 334 4 74 0
1280 334 4 74 0
1242 336 2 72 0
1284 336 2 72 0
292 340 20 2 0
336 340 128 2 0
488 340 20 2 0
676 340 20 2 0
720 340 128 2 0
872 340 20 2 0
296 342 16 4 0
338 342 124 2 0
488 342 16 4 0
680 342 16 4 0
722 342 124 2 0
872 342 16 4 0
340 344 120 2 0
724 344 120 2 0
1238 344 4 64 0
1286 344 2 64 0
350 346 100 2 0
734 346 100 2 0
1236 346 2 62 0
1288 346 4 62 0
354 348 92 2 0
738 348 92 2 0
1234 348 2 60 0
356 350 88 2 0
740 350 88 2 0
1292 350 2 58 0
360 352 80 4 0
744 352 80 4 0
1232 352 2 56 0
1294 352 2 56 0
362 356 76 2 0
746 356 76 2 0
364 358 72 2 0
748 358 72 2 0
366 360 68 4 0
750 360 68 4 0
368 364 64 12 0
752 364 64 12 0
1230 364 2 44 0
1296 364 2 44 0
1228 368 2 40 0
1298 368 2 40 0
1226 370 2 38 0
1300 370 2 38 0
1224 372 2 36 0
1302 372 2 36 0
370 376 60 2 0
754 376 60 2 0
1220 376 4 32 0
1304 376 4 32 0
372 378 58 2 0
756 378 58 2 0
1218 378 2 30 0
1308 378 2 30 0
372 380 56 2 0
756 380 56 2 0
1214 380 4 28 0
1310 380 4 28 0
376 382 50 2 0
760 382 50 2 0
1160 382 16 26 0
1204 382 10 26 0
1314 382 10 26 0
378 384 44 8 0
762 384 44 8 0
1202 384 2 24 0
1324 384 2 24 0
1156 386 4 22 0
1200 386 2 22 0
1326 386 2 22 0
1176 388 24 20 0
1328 388 38 20 0
380 392 40 2 0
764 392 40 2 0
384 394 32 374 0
768 394 32 374 0
1154 394 2 14 0
0 448 350 14 0
482 448 220 14 0
834 448 532 14 0
0 462 348 6 0
484 462 216 6 0
836 462 530 6 0
16 468 112 2 0
144 468 16 2 0
176 468 128 2 0
328 468 20 2 0
484 468 20 2 0
528 468 128 2 0
680 468 20 2 0
836 468 20 2 0
880 468 128 2 0
1040 468 128 2 0
1200 468 128 2 0
18 470 110 2 0
146 470 14 2 0
178 470 124 2 0
328 470 16 4 0
488 470 16 4 0
530 470 124 2 0
680 470 16 4 0
840 470 16 4 0
882 470 124 2 0
1042 470 124 2 0
1202 470 124 2 0
20 472 108 2 0
148 472 12 2 0
180 472 120 2 0
532 472 120 2 0
884 472 120 2 0
1044 472 120 2 0
1204 472 120 2 0
30 474 98 2 0
158 474 2 2 0
190 474 100 2 0
542 474 100 2 0
894 474 100 2 0
1054 474 100 2 0
1214 474 100 2 0
34 476 92 2 0
194 476 92 2 0
546 476 92 2 0
898 476 92 2 0
1058 476 92 2 0
1218 476 92 2 0
36 478 88 2 0
196 478 88 2 0
548 478 88 2 0
900 478 88 2 0
1060 478 88 2 0
1220 478 88 2 0
40 480 80 4 0
200 480 80 4 0
552 480 80 4 0
904 480 80 4 0
1064 480 80 4 0
1224 480 80 4 0
42 484 76 2 0
202 484 76 2 0
554 484 76 2 0
906 484 76 2 0
1066 484 76 2 0
1226 484 76 2 0
44 486 72 2 0
204 486 72 2 0
556 486 72 2 0
908 486 72 2 0
1068 486 72 2 0
1228 486 72 2 0
46 488 68 4 0
206 488 68 4 0
558 488 68 4 0
910 488 68 4 0
1070 488 68 4 0
1230 488 68 4 0
48 492 64 12 0
208 492 64 12 0
560 492 64 12 0
912 492 64 12 0
1072 492 64 12 0
1232 492 64 12 0
50 504 60 2 0
210 504 60 2 0
562 504 60 2 0
914 504 60 2 0
1074 504 60 2 0
1234 504 60 2 0
52 506 58 2 0
212 506 58 2 0
564 506 58 2 0
916 506 58 2 0
1076 506 58 2 0
1236 506 58 2 0
52 508 56 2 0
212 508 56 2 0
564 508 56 2 0
916 508 56 2 0
1076 508 56 2 0
1236 508 56 2 0
56 510 50 2 0
216 510 50 2 0
568 510 50 2 0
920 510 50 2 0
1080 510 50 2 0
1240 510 50 2 0
58 512 44 8 0
218 512 44 8 0
570 512 44 8 0
922 512 44 8 0
1082 512 44 8 0
1242 512 44 8 0
60 520 40 2 0
220 520 40 2 0
572 520 40 2 0
924 520 40 2 0
1084 520 40 2 0
1244 520 40 2 0
64 522 32 246 0
224 522 32 246 0
576 522 32 246 0
928 522 32 246 0
1088 522 32 246 0
1248 522 32 246 0
382 542 2 2 0
416 542 2 2 0
