0 448 1366 20 0
48 468 128 2 0
272 468 128 2 0
496 468 128 2 0
720 468 128 2 0
944 468 128 2 0
1168 468 128 2 0
50 470 124 2 0
274 470 124 2 0
498 470 124 2 0
722 470 124 2 0
946 470 124 2 0
1170 470 124 2 0
52 472 120 2 0
276 472 120 2 0
500 472 120 2 0
724 472 120 2 0
948 472 120 2 0
1172 472 120 2 0
62 474 100 2 0
286 474 100 2 0
510 474 100 2 0
734 474 100 2 0
958 474 100 2 0
1182 474 100 2 0
66 476 92 2 0
290 476 92 2 0
514 476 92 2 0
738 476 92 2 0
962 476 92 2 0
1186 476 92 2 0
68 478 88 2 0
292 478 88 2 0
516 478 88 2 0
740 478 88 2 0
964 478 88 2 0
1188 478 88 2 0
72 480 80 4 0
296 480 80 4 0
520 480 80 4 0
744 480 80 4 0
968 480 80 4 0
1192 480 80 4 0
74 484 76 2 0
298 484 76 2 0
522 484 76 2 0
746 484 76 2 0
970 484 76 2 0
1194 484 76 2 0
76 486 72 2 0
300 486 72 2 0
524 486 72 2 0
748 486 72 2 0
972 486 72 2 0
1196 486 72 2 0
78 488 68 4 0
302 488 68 4 0
526 488 68 4 0
750 488 68 4 0
974 488 68 4 0
1198 488 68 4 0
80 492 64 12 0
304 492 64 12 0
528 492 64 12 0
752 492 64 12 0
976 492 64 12 0
1200 492 64 12 0
82 504 60 2 0
306 504 60 2 0
530 504 60 2 0
754 504 60 2 0
978 504 60 2 0
1202 504 60 2 0
84 506 58 2 0
308 506 58 2 0
532 506 58 2 0
756 506 58 2 0
980 506 58 2 0
1204 506 58 2 0
84 508 56 2 0
308 508 56 2 0
532 508 56 2 0
756 508 56 2 0
980 508 56 2 0
1204 508 56 2 0
88 510 50 2 0
312 510 50 2 0
536 510 50 2 0
760 510 50 2 0
984 510 50 2 0
1208 510 50 2 0
90 512 44 8 0
314 512 44 8 0
538 512 44 8 0
762 512 44 8 0
986 512 44 8 0
1210 512 44 8 0
92 520 40 2 0
316 520 40 2 0
540 520 40 2 0
764 520 40 2 0
988 520 40 2 0
1212 520 40 2 0
96 522 32 246 0
320 522 32 246 0
544 522 32 246 0
768 522 32 246 0
992 522 32 246 0
1216 522 32 246 0
