0 0 1366 32 0
272 32 2 96 1
282 32 2 96 1
294 32 2 96 1
312 32 2 96 1
324 32 2 96 1
334 32 2 96 1
464 32 2 96 1
474 32 2 96 1
486 32 2 96 1
504 32 2 96 1
516 32 2 96 1
526 32 2 96 1
848 32 2 96 1
858 32 2 96 1
870 32 2 96 1
888 32 2 96 1
900 32 2 96 1
910 32 2 96 1
1040 32 2 96 1
1050 32 2 96 1
1062 32 2 96 1
1080 32 2 96 1
1092 32 2 96 1
1102 32 2 96 1
270 34 2 92 1
274 34 2 92 1
280 34 2 92 1
284 34 2 92 1
292 34 2 92 1
296 34 2 92 1
303 34 2 92 1
310 34 2 92 1
314 34 2 92 1
322 34 2 92 1
326 34 2 92 1
332 34 2 92 1
336 34 2 92 1
462 34 2 92 1
466 34 2 92 1
472 34 2 92 1
476 34 2 92 1
484 34 2 92 1
488 34 2 92 1
495 34 2 92 1
502 34 2 92 1
506 34 2 92 1
514 34 2 92 1
518 34 2 92 1
524 34 2 92 1
528 34 2 92 1
846 34 2 92 1
850 34 2 92 1
856 34 2 92 1
860 34 2 92 1
868 34 2 92 1
872 34 2 92 1
879 34 2 92 1
886 34 2 92 1
890 34 2 92 1
898 34 2 92 1
902 34 2 92 1
908 34 2 92 1
912 34 2 92 1
1038 34 2 92 1
1042 34 2 92 1
1048 34 2 92 1
1052 34 2 92 1
1060 34 2 92 1
1064 34 2 92 1
1071 34 2 92 1
1078 34 2 92 1
1082 34 2 92 1
1090 34 2 92 1
1094 34 2 92 1
1100 34 2 92 1
1104 34 2 92 1
301 36 2 88 1
305 36 2 88 1
493 36 2 88 1
497 36 2 88 1
877 36 2 88 1
881 36 2 88 1
1069 36 2 88 1
1073 36 2 88 1
276 40 4 80 1
286 40 2 80 1
298 40 3 80 1
307 40 3 80 1
316 40 2 80 1
320 40 2 80 1
328 40 4 80 1
468 40 4 80 1
478 40 2 80 1
490 40 3 80 1
499 40 3 80 1
508 40 2 80 1
512 40 2 80 1
520 40 4 80 1
852 40 4 80 1
862 40 2 80 1
874 40 3 80 1
883 40 3 80 1
892 40 2 80 1
896 40 2 80 1
904 40 4 80 1
1044 40 4 80 1
1054 40 2 80 1
1066 40 3 80 1
1075 40 3 80 1
1084 40 2 80 1
1088 40 2 80 1
1096 40 4 80 1
264 42 6 20 1
290 42 2 76 1
338 42 6 20 1
456 42 6 20 1
482 42 2 76 1
530 42 6 20 1
840 42 6 20 1
866 42 2 76 1
914 42 6 20 1
1032 42 6 20 1
1058 42 2 76 1
1106 42 6 20 1
258 44 6 6 1
344 44 6 6 1
450 44 6 6 1
536 44 6 6 1
834 44 6 6 1
920 44 6 6 1
1026 44 6 6 1
1112 44 6 6 1
256 46 2 2 1
288 46 2 68 1
318 46 2 68 1
350 46 2 2 1
448 46 2 2 1
480 46 2 68 1
510 46 2 68 1
542 46 2 2 1
832 46 2 2 1
864 46 2 68 1
894 46 2 68 1
926 46 2 2 1
1024 46 2 2 1
1056 46 2 68 1
1086 46 2 68 1
1118 46 2 2 1
258 54 6 6 1
344 54 6 6 1
450 54 6 6 1
536 54 6 6 1
834 54 6 6 1
920 54 6 6 1
1026 54 6 6 1
1112 54 6 6 1
256 56 2 2 1
350 56 2 2 1
448 56 2 2 1
542 56 2 2 1
832 56 2 2 1
926 56 2 2 1
1024 56 2 2 1
1118 56 2 2 1
264 66 6 26 1
338 66 4 28 1
456 66 6 26 1
530 66 4 28 1
840 66 6 26 1
914 66 4 28 1
1032 66 6 26 1
1106 66 4 28 1
258 68 6 6 1
342 68 8 6 1
450 68 6 6 1
534 68 8 6 1
834 68 6 6 1
918 68 8 6 1
1026 68 6 6 1
1110 68 8 6 1
256 70 2 2 1
350 70 2 2 1
448 70 2 2 1
542 70 2 2 1
832 70 2 2 1
926 70 2 2 1
1024 70 2 2 1
1118 70 2 2 1
342 74 2 20 1
534 74 2 20 1
918 74 2 20 1
1110 74 2 20 1
260 77 4 6 1
344 77 4 6 1
452 77 4 6 1
536 77 4 6 1
836 77 4 6 1
920 77 4 6 1
1028 77 4 6 1
1112 77 4 6 1
258 79 2 2 1
348 79 2 2 1
450 79 2 2 1
540 79 2 2 1
834 79 2 2 1
924 79 2 2 1
1026 79 2 2 1
1116 79 2 2 1
258 86 6 6 1
344 86 6 6 1
450 86 6 6 1
536 86 6 6 1
834 86 6 6 1
920 86 6 6 1
1026 86 6 6 1
1112 86 6 6 1
256 88 2 2 1
350 88 2 2 1
448 88 2 2 1
542 88 2 2 1
832 88 2 2 1
926 88 2 2 1
1024 88 2 2 1
1118 88 2 2 1
266 92 4 2 1
458 92 4 2 1
842 92 4 2 1
1034 92 4 2 1
264 98 6 20 1
338 98 6 20 1
456 98 6 20 1
530 98 6 20 1
840 98 6 20 1
914 98 6 20 1
1032 98 6 20 1
1106 98 6 20 1
258 100 6 6 1
344 100 6 6 1
450 100 6 6 1
536 100 6 6 1
834 100 6 6 1
920 100 6 6 1
1026 100 6 6 1
1112 100 6 6 1
256 102 2 2 1
350 102 2 2 1
448 102 2 2 1
542 102 2 2 1
832 102 2 2 1
926 102 2 2 1
1024 102 2 2 1
1118 102 2 2 1
258 110 6 6 1
344 110 6 6 1
450 110 6 6 1
536 110 6 6 1
834 110 6 6 1
920 110 6 6 1
1026 110 6 6 1
1112 110 6 6 1
256 112 2 2 1
350 112 2 2 1
448 112 2 2 1
542 112 2 2 1
832 112 2 2 1
926 112 2 2 1
1024 112 2 2 1
1118 112 2 2 1
272 320 2 96 1
282 320 2 96 1
294 320 2 96 1
312 320 2 96 1
324 320 2 96 1
334 320 2 96 1
464 320 2 96 1
474 320 2 96 1
486 320 2 96 1
504 320 2 96 1
516 320 2 96 1
526 320 2 96 1
656 320 2 96 1
666 320 2 96 1
678 320 2 96 1
696 320 2 96 1
708 320 2 96 1
718 320 2 96 1
848 320 2 96 1
858 320 2 96 1
870 320 2 96 1
888 320 2 96 1
900 320 2 96 1
910 320 2 96 1
1040 320 2 96 1
1050 320 2 96 1
1062 320 2 96 1
1080 320 2 96 1
1092 320 2 96 1
1102 320 2 96 1
270 322 2 92 1
274 322 2 92 1
280 322 2 92 1
284 322 2 92 1
292 322 2 92 1
296 322 2 92 1
303 322 2 92 1
310 322 2 92 1
314 322 2 92 1
322 322 2 92 1
326 322 2 92 1
332 322 2 92 1
336 322 2 92 1
462 322 2 92 1
466 322 2 92 1
472 322 2 92 1
476 322 2 92 1
484 322 2 92 1
488 322 2 92 1
495 322 2 92 1
502 322 2 92 1
506 322 2 92 1
514 322 2 92 1
518 322 2 92 1
524 322 2 92 1
528 322 2 92 1
654 322 2 92 1
658 322 2 92 1
664 322 2 92 1
668 322 2 92 1
676 322 2 92 1
680 322 2 92 1
687 322 2 92 1
694 322 2 92 1
698 322 2 92 1
706 322 2 92 1
710 322 2 92 1
716 322 2 92 1
720 322 2 92 1
846 322 2 92 1
850 322 2 92 1
856 322 2 92 1
860 322 2 92 1
868 322 2 92 1
872 322 2 92 1
879 322 2 92 1
886 322 2 92 1
890 322 2 92 1
898 322 2 92 1
902 322 2 92 1
908 322 2 92 1
912 322 2 92 1
1038 322 2 92 1
1042 322 2 92 1
1048 322 2 92 1
1052 322 2 92 1
1060 322 2 92 1
1064 322 2 92 1
1071 322 2 92 1
1078 322 2 92 1
1082 322 2 92 1
1090 322 2 92 1
1094 322 2 92 1
1100 322 2 92 1
1104 322 2 92 1
301 324 2 88 1
305 324 2 88 1
493 324 2 88 1
497 324 2 88 1
685 324 2 88 1
689 324 2 88 1
877 324 2 88 1
881 324 2 88 1
1069 324 2 88 1
1073 324 2 88 1
276 328 4 80 1
286 328 2 80 1
298 328 3 80 1
307 328 3 80 1
316 328 2 80 1
320 328 2 80 1
328 328 4 80 1
468 328 4 80 1
478 328 2 80 1
490 328 3 80 1
499 328 3 80 1
508 328 2 80 1
512 328 2 80 1
520 328 4 80 1
660 328 4 80 1
670 328 2 80 1
682 328 3 80 1
691 328 3 80 1
700 328 2 80 1
704 328 2 80 1
712 328 4 80 1
852 328 4 80 1
862 328 2 80 1
874 328 3 80 1
883 328 3 80 1
892 328 2 80 1
896 328 2 80 1
904 328 4 80 1
1044 328 4 80 1
1054 328 2 80 1
1066 328 3 80 1
1075 328 3 80 1
1084 328 2 80 1
1088 328 2 80 1
1096 328 4 80 1
264 330 6 20 1
290 330 2 76 1
338 330 6 20 1
456 330 6 20 1
482 330 2 76 1
530 330 6 20 1
648 330 6 20 1
674 330 2 76 1
722 330 6 20 1
840 330 6 20 1
866 330 2 76 1
914 330 6 20 1
1032 330 6 20 1
1058 330 2 76 1
1106 330 6 20 1
258 332 6 6 1
344 332 6 6 1
450 332 6 6 1
536 332 6 6 1
642 332 6 6 1
728 332 6 6 1
834 332 6 6 1
920 332 6 6 1
1026 332 6 6 1
1112 332 6 6 1
256 334 2 2 1
288 334 2 68 1
318 334 2 68 1
350 334 2 2 1
448 334 2 2 1
480 334 2 68 1
510 334 2 68 1
542 334 2 2 1
640 334 2 2 1
672 334 2 68 1
702 334 2 68 1
734 334 2 2 1
832 334 2 2 1
864 334 2 68 1
894 334 2 68 1
926 334 2 2 1
1024 334 2 2 1
1056 334 2 68 1
1086 334 2 68 1
1118 334 2 2 1
258 342 6 6 1
344 342 6 6 1
450 342 6 6 1
536 342 6 6 1
642 342 6 6 1
728 342 6 6 1
834 342 6 6 1
920 342 6 6 1
1026 342 6 6 1
1112 342 6 6 1
256 344 2 2 1
350 344 2 2 1
448 344 2 2 1
542 344 2 2 1
640 344 2 2 1
734 344 2 2 1
832 344 2 2 1
926 344 2 2 1
1024 344 2 2 1
1118 344 2 2 1
264 354 6 26 1
338 354 4 28 1
456 354 6 26 1
530 354 4 28 1
648 354 6 26 1
722 354 4 28 1
840 354 6 26 1
914 354 4 28 1
1032 354 6 26 1
1106 354 4 28 1
258 356 6 6 1
342 356 8 6 1
450 356 6 6 1
534 356 8 6 1
642 356 6 6 1
726 356 8 6 1
834 356 6 6 1
918 356 8 6 1
1026 356 6 6 1
1110 356 8 6 1
256 358 2 2 1
350 358 2 2 1
448 358 2 2 1
542 358 2 2 1
640 358 2 2 1
734 358 2 2 1
832 358 2 2 1
926 358 2 2 1
1024 358 2 2 1
1118 358 2 2 1
342 362 2 20 1
534 362 2 20 1
726 362 2 20 1
918 362 2 20 1
1110 362 2 20 1
260 365 4 6 1
344 365 4 6 1
452 365 4 6 1
536 365 4 6 1
644 365 4 6 1
728 365 4 6 1
836 365 4 6 1
920 365 4 6 1
1028 365 4 6 1
1112 365 4 6 1
258 367 2 2 1
348 367 2 2 1
450 367 2 2 1
540 367 2 2 1
642 367 2 2 1
732 367 2 2 1
834 367 2 2 1
924 367 2 2 1
1026 367 2 2 1
1116 367 2 2 1
258 374 6 6 1
344 374 6 6 1
450 374 6 6 1
536 374 6 6 1
642 374 6 6 1
728 374 6 6 1
834 374 6 6 1
920 374 6 6 1
1026 374 6 6 1
1112 374 6 6 1
256 376 2 2 1
350 376 2 2 1
448 376 2 2 1
542 376 2 2 1
640 376 2 2 1
734 376 2 2 1
832 376 2 2 1
926 376 2 2 1
1024 376 2 2 1
1118 376 2 2 1
266 380 4 2 1
458 380 4 2 1
650 380 4 2 1
842 380 4 2 1
1034 380 4 2 1
264 386 6 20 1
338 386 6 20 1
456 386 6 20 1
530 386 6 20 1
648 386 6 20 1
722 386 6 20 1
840 386 6 20 1
914 386 6 20 1
1032 386 6 20 1
1106 386 6 20 1
258 388 6 6 1
344 388 6 6 1
450 388 6 6 1
536 388 6 6 1
642 388 6 6 1
728 388 6 6 1
834 388 6 6 1
920 388 6 6 1
1026 388 6 6 1
1112 388 6 6 1
256 390 2 2 1
350 390 2 2 1
448 390 2 2 1
542 390 2 2 1
640 390 2 2 1
734 390 2 2 1
832 390 2 2 1
926 390 2 2 1
1024 390 2 2 1
1118 390 2 2 1
258 398 6 6 1
344 398 6 6 1
450 398 6 6 1
536 398 6 6 1
642 398 6 6 1
728 398 6 6 1
834 398 6 6 1
920 398 6 6 1
1026 398 6 6 1
1112 398 6 6 1
256 400 2 2 1
350 400 2 2 1
448 400 2 2 1
542 400 2 2 1
640 400 2 2 1
734 400 2 2 1
832 400 2 2 1
926 400 2 2 1
1024 400 2 2 1
1118 400 2 2 1
0 608 192 160 0
272 608 2 128 1
282 608 2 128 1
294 608 2 128 1
312 608 2 128 1
324 608 2 128 1
334 608 2 128 1
464 608 2 160 1
474 608 2 160 1
486 608 2 128 1
504 608 2 128 1
516 608 2 128 1
526 608 2 128 1
656 608 2 128 1
666 608 2 128 1
678 608 2 128 1
696 608 2 128 1
708 608 2 160 1
718 608 2 160 1
848 608 2 128 1
858 608 2 128 1
870 608 2 128 1
888 608 2 128 1
900 608 2 128 1
910 608 2 128 1
1040 608 2 160 1
1050 608 2 160 1
1062 608 2 128 1
1080 608 2 128 1
1092 608 2 128 1
1102 608 2 128 1
1184 608 182 160 0
270 610 2 92 1
274 610 2 92 1
280 610 2 92 1
284 610 2 92 1
292 610 2 92 1
296 610 2 92 1
303 610 2 92 1
310 610 2 92 1
314 610 2 92 1
322 610 2 92 1
326 610 2 92 1
332 610 2 92 1
336 610 2 92 1
462 610 2 92 1
466 610 2 92 1
472 610 2 92 1
476 610 2 92 1
484 610 2 92 1
488 610 2 92 1
495 610 2 92 1
502 610 2 92 1
506 610 2 92 1
514 610 2 92 1
518 610 2 92 1
524 610 2 92 1
528 610 2 92 1
654 610 2 92 1
658 610 2 92 1
664 610 2 92 1
668 610 2 92 1
676 610 2 92 1
680 610 2 92 1
687 610 2 92 1
694 610 2 92 1
698 610 2 92 1
706 610 2 92 1
710 610 2 92 1
716 610 2 92 1
720 610 2 92 1
846 610 2 92 1
850 610 2 92 1
856 610 2 92 1
860 610 2 92 1
868 610 2 92 1
872 610 2 92 1
879 610 2 92 1
886 610 2 92 1
890 610 2 92 1
898 610 2 92 1
902 610 2 92 1
908 610 2 92 1
912 610 2 92 1
1038 610 2 92 1
1042 610 2 92 1
1048 610 2 92 1
1052 610 2 92 1
1060 610 2 92 1
1064 610 2 92 1
1071 610 2 92 1
1078 610 2 92 1
1082 610 2 92 1
1090 610 2 92 1
1094 610 2 92 1
1100 610 2 92 1
1104 610 2 92 1
301 612 2 88 1
305 612 2 88 1
493 612 2 88 1
497 612 2 88 1
685 612 2 88 1
689 612 2 88 1
877 612 2 88 1
881 612 2 88 1
1069 612 2 88 1
1073 612 2 88 1
276 616 4 80 1
286 616 2 80 1
298 616 3 80 1
307 616 3 80 1
316 616 2 80 1
320 616 2 80 1
328 616 4 80 1
468 616 4 80 1
478 616 2 80 1
490 616 3 80 1
499 616 3 80 1
508 616 2 80 1
512 616 2 80 1
520 616 4 80 1
660 616 4 80 1
670 616 2 80 1
682 616 3 80 1
691 616 3 80 1
700 616 2 80 1
704 616 2 80 1
712 616 4 80 1
852 616 4 80 1
862 616 2 80 1
874 616 3 80 1
883 616 3 80 1
892 616 2 80 1
896 616 2 80 1
904 616 4 80 1
1044 616 4 80 1
1054 616 2 80 1
1066 616 3 80 1
1075 616 3 80 1
1084 616 2 80 1
1088 616 2 80 1
1096 616 4 80 1
264 618 6 20 1
290 618 2 76 1
338 618 6 20 1
456 618 6 20 1
482 618 2 76 1
530 618 6 20 1
648 618 6 20 1
674 618 2 76 1
722 618 6 20 1
840 618 6 20 1
866 618 2 76 1
914 618 6 20 1
1032 618 6 20 1
1058 618 2 76 1
1106 618 6 20 1
258 620 6 6 1
344 620 6 6 1
450 620 6 6 1
536 620 6 6 1
642 620 6 6 1
728 620 6 6 1
834 620 6 6 1
920 620 6 6 1
1026 620 6 6 1
1112 620 6 6 1
256 622 2 2 1
288 622 2 68 1
318 622 2 68 1
350 622 2 2 1
448 622 2 2 1
480 622 2 68 1
510 622 2 68 1
542 622 2 2 1
640 622 2 2 1
672 622 2 68 1
702 622 2 68 1
734 622 2 2 1
832 622 2 2 1
864 622 2 68 1
894 622 2 68 1
926 622 2 2 1
1024 622 2 2 1
1056 622 2 68 1
1086 622 2 68 1
1118 622 2 2 1
258 630 6 6 1
344 630 6 6 1
450 630 6 6 1
536 630 6 6 1
642 630 6 6 1
728 630 6 6 1
834 630 6 6 1
920 630 6 6 1
1026 630 6 6 1
1112 630 6 6 1
256 632 2 2 1
350 632 2 2 1
448 632 2 2 1
542 632 2 2 1
640 632 2 2 1
734 632 2 2 1
832 632 2 2 1
926 632 2 2 1
1024 632 2 2 1
1118 632 2 2 1
264 642 6 26 1
338 642 4 28 1
456 642 6 26 1
530 642 4 28 1
648 642 6 26 1
722 642 4 28 1
840 642 6 26 1
914 642 4 28 1
1032 642 6 26 1
1106 642 4 28 1
258 644 6 6 1
342 644 8 6 1
450 644 6 6 1
534 644 8 6 1
642 644 6 6 1
726 644 8 6 1
834 644 6 6 1
918 644 8 6 1
1026 644 6 6 1
1110 644 8 6 1
256 646 2 2 1
350 646 2 2 1
448 646 2 2 1
542 646 2 2 1
640 646 2 2 1
734 646 2 2 1
832 646 2 2 1
926 646 2 2 1
1024 646 2 2 1
1118 646 2 2 1
342 650 2 20 1
534 650 2 20 1
726 650 2 20 1
918 650 2 20 1
1110 650 2 20 1
260 653 4 6 1
344 653 4 6 1
452 653 4 6 1
536 653 4 6 1
644 653 4 6 1
728 653 4 6 1
836 653 4 6 1
920 653 4 6 1
1028 653 4 6 1
1112 653 4 6 1
258 655 2 2 1
348 655 2 2 1
450 655 2 2 1
540 655 2 2 1
642 655 2 2 1
732 655 2 2 1
834 655 2 2 1
924 655 2 2 1
1026 655 2 2 1
1116 655 2 2 1
258 662 6 6 1
344 662 6 6 1
450 662 6 6 1
536 662 6 6 1
642 662 6 6 1
728 662 6 6 1
834 662 6 6 1
920 662 6 6 1
1026 662 6 6 1
1112 662 6 6 1
256 664 2 2 1
350 664 2 2 1
448 664 2 2 1
542 664 2 2 1
640 664 2 2 1
734 664 2 2 1
832 664 2 2 1
926 664 2 2 1
1024 664 2 2 1
1118 664 2 2 1
266 668 4 2 1
458 668 4 2 1
650 668 4 2 1
842 668 4 2 1
1034 668 4 2 1
264 674 6 20 1
338 674 6 20 1
456 674 6 20 1
530 674 6 20 1
648 674 6 20 1
722 674 6 20 1
840 674 6 20 1
914 674 6 20 1
1032 674 6 20 1
1106 674 6 20 1
258 676 6 6 1
344 676 6 6 1
450 676 6 6 1
536 676 6 6 1
642 676 6 6 1
728 676 6 6 1
834 676 6 6 1
920 676 6 6 1
1026 676 6 6 1
1112 676 6 6 1
256 678 2 2 1
350 678 2 2 1
448 678 2 2 1
542 678 2 2 1
640 678 2 2 1
734 678 2 2 1
832 678 2 2 1
926 678 2 2 1
1024 678 2 2 1
1118 678 2 2 1
258 686 6 6 1
344 686 6 6 1
450 686 6 6 1
536 686 6 6 1
642 686 6 6 1
728 686 6 6 1
834 686 6 6 1
920 686 6 6 1
1026 686 6 6 1
1112 686 6 6 1
256 688 2 2 1
350 688 2 2 1
448 688 2 2 1
542 688 2 2 1
640 688 2 2 1
734 688 2 2 1
832 688 2 2 1
926 688 2 2 1
1024 688 2 2 1
1118 688 2 2 1
192 704 80 32 1
274 704 8 32 1
284 704 10 32 1
296 704 16 32 1
314 704 10 32 1
326 704 8 32 1
336 704 128 32 1
466 704 8 64 1
476 704 10 32 1
488 704 16 32 1
506 704 10 32 1
518 704 8 32 1
528 704 128 32 1
658 704 8 32 1
668 704 10 32 1
680 704 16 32 1
698 704 10 32 1
710 704 8 64 1
720 704 128 32 1
850 704 8 32 1
860 704 10 32 1
872 704 16 32 1
890 704 10 32 1
902 704 8 32 1
912 704 128 32 1
1042 704 8 64 1
1052 704 10 32 1
1064 704 16 32 1
1082 704 10 32 1
1094 704 8 32 1
1104 704 80 32 1
192 736 160 3 0
352 736 112 32 1
476 736 4 32 1
480 736 224 3 0
704 736 4 32 1
720 736 48 32 1
768 736 192 3 0
960 736 80 32 1
1052 736 4 32 1
1056 736 128 4 0
192 739 106 1 0
298 739 1 1 1
299 739 2 1 0
301 739 3 1 1
304 739 1 2 0
305 739 3 1 1
308 739 44 9 0
480 739 42 16 0
522 739 1 1 1
523 739 2 1 0
525 739 3 1 1
528 739 3 2 0
531 739 4 1 1
535 739 169 9 0
768 739 138 16 0
906 739 1 1 1
907 739 2 1 0
909 739 3 1 1
912 739 3 2 0
915 739 4 1 1
919 739 41 9 0
192 740 47 7 0
239 740 2 1 1
241 740 56 5 0
297 740 1 2 1
298 740 2 1 0
300 740 1 3 1
301 740 3 1 0
305 740 1 3 1
306 740 2 4 0
522 740 2 13 0
524 740 1 2 1
525 740 3 1 0
531 740 4 8 0
906 740 2 13 0
908 740 1 2 1
909 740 3 1 0
915 740 4 8 0
1056 740 111 7 0
1167 740 2 1 1
1169 740 15 5 0
239 741 2 5 0
298 741 2 1 1
301 741 4 2 1
525 741 4 2 1
529 741 2 3 0
909 741 4 2 1
913 741 2 3 0
1167 741 2 5 0
297 742 2 6 0
299 742 1 1 1
524 742 1 10 0
908 742 1 10 0
299 743 2 2 0
301 743 3 1 1
304 743 2 1 0
525 743 3 1 1
528 743 1 2 0
909 743 3 1 1
912 743 1 2 0
301 744 1 2 0
302 744 3 4 1
305 744 1 6 0
306 744 2 1 1
525 744 1 1 1
526 744 2 1 0
529 744 1 6 0
530 744 1 4 1
909 744 1 1 1
910 744 2 1 0
913 744 1 6 0
914 744 1 4 1
241 745 1 1 0
242 745 1 3 1
243 745 54 2 0
299 745 1 3 0
300 745 1 1 1
306 745 2 1 0
525 745 1 6 0
526 745 3 1 1
909 745 1 6 0
910 745 3 1 1
1169 745 1 1 0
1170 745 1 3 1
1171 745 13 2 0
239 746 3 1 1
300 746 1 1 0
301 746 1 1 1
306 746 1 2 1
307 746 1 1 0
526 746 1 2 1
527 746 2 2 0
910 746 1 2 1
911 746 2 2 0
1167 746 3 1 1
192 747 46 1 0
238 747 3 9 1
241 747 1 3 0
243 747 1 2 1
244 747 53 1 0
300 747 1 1 1
301 747 1 2 0
307 747 1 2 1
1056 747 110 1 0
1166 747 3 9 1
1169 747 1 3 0
1171 747 1 2 1
1172 747 12 1 0
192 748 44 1 0
236 748 2 4 1
242 748 1 3 0
244 748 1 1 1
245 748 2 4 0
247 748 1 1 1
248 748 50 1 0
298 748 2 4 1
300 748 1 1 0
302 748 2 4 1
304 748 1 2 0
306 748 1 20 0
308 748 4 4 0
312 748 4 1 1
316 748 36 8 0
526 748 1 3 0
527 748 2 1 1
530 748 4 2 0
534 748 3 1 1
537 748 167 20 0
910 748 1 3 0
911 748 2 1 1
914 748 4 2 0
918 748 3 1 1
921 748 39 20 0
1056 748 108 1 0
1164 748 2 4 1
1170 748 1 3 0
1172 748 1 1 1
1173 748 2 4 0
1175 748 1 1 1
1176 748 8 1 0
192 749 40 19 0
232 749 2 1 1
234 749 1 4 0
235 749 1 1 1
243 749 2 4 0
247 749 3 4 0
250 749 2 1 1
252 749 44 1 0
296 749 2 3 1
300 749 2 3 1
307 749 1 19 0
312 749 4 2 0
527 749 1 4 1
528 749 1 1 0
534 749 3 1 0
911 749 1 4 1
912 749 1 1 0
918 749 3 1 0
1056 749 104 19 0
1160 749 2 1 1
1162 749 1 4 0
1163 749 1 1 1
1171 749 2 4 0
1175 749 3 4 0
1178 749 2 1 1
1180 749 4 19 0
232 750 2 18 0
235 750 1 5 0
241 750 1 5 1
250 750 45 1 0
295 750 1 2 1
304 750 2 3 1
528 750 7 1 1
535 750 2 3 0
912 750 7 1 1
919 750 2 3 0
1160 750 2 18 0
1163 750 1 5 0
1169 750 1 5 1
1178 750 2 18 0
242 751 1 4 1
250 751 44 17 0
294 751 1 1 1
312 751 4 1 1
525 751 2 2 1
528 751 1 2 1
529 751 1 1 0
530 751 5 1 1
909 751 2 2 1
912 751 1 2 1
913 751 1 1 0
914 751 5 1 1
1170 751 1 4 1
236 752 1 2 0
237 752 1 1 1
245 752 1 3 1
246 752 1 16 0
294 752 10 16 0
308 752 1 3 1
309 752 5 2 0
314 752 2 5 1
524 752 1 1 1
529 752 4 2 1
533 752 2 2 0
908 752 1 1 1
913 752 4 2 1
917 752 2 2 0
1164 752 1 2 0
1165 752 1 1 1
1173 752 1 3 1
1174 752 1 16 0
234 753 1 2 1
237 753 1 1 0
243 753 2 1 1
247 753 1 1 1
248 753 2 15 0
304 753 2 15 0
522 753 1 1 1
523 753 6 1 0
535 753 1 1 1
536 753 1 15 0
906 753 1 1 1
907 753 6 1 0
919 753 1 1 1
920 753 1 15 0
1162 753 1 2 1
1165 753 1 1 0
1171 753 2 1 1
1175 753 1 1 1
1176 753 2 15 0
236 754 2 4 1
243 754 1 1 1
244 754 1 14 0
247 754 1 4 0
309 754 1 1 1
310 754 2 1 0
312 754 2 2 1
522 754 1 1 0
523 754 6 1 1
529 754 1 1 0
530 754 4 2 1
534 754 2 1 0
906 754 1 1 0
907 754 6 1 1
913 754 1 1 0
914 754 4 2 1
918 754 2 1 0
1164 754 2 4 1
1171 754 1 1 1
1172 754 1 14 0
1175 754 1 4 0
234 755 1 13 0
235 755 1 3 1
241 755 3 2 0
245 755 1 13 0
308 755 2 13 0
310 755 2 1 1
480 755 40 3 0
520 755 7 1 1
527 755 1 4 0
528 755 2 1 1
534 755 1 1 1
535 755 1 3 0
768 755 136 3 0
904 755 7 1 1
911 755 1 4 0
912 755 2 1 1
918 755 1 1 1
919 755 1 3 0
1162 755 1 13 0
1163 755 1 3 1
1169 755 3 2 0
1173 755 1 13 0
238 756 1 1 1
239 756 2 2 0
310 756 3 1 0
313 756 1 1 1
316 756 1 2 1
317 756 35 12 0
520 756 2 3 0
522 756 4 1 1
526 756 1 6 0
528 756 7 1 0
904 756 2 3 0
906 756 4 1 1
910 756 1 6 0
912 756 7 1 0
1166 756 1 1 1
1167 756 2 2 0
238 757 1 11 0
241 757 1 1 1
242 757 2 11 0
310 757 1 1 1
311 757 4 1 0
315 757 1 1 1
522 757 1 7 0
523 757 2 2 1
525 757 1 5 0
528 757 1 6 0
529 757 6 1 1
906 757 1 7 0
907 757 2 2 1
909 757 1 5 0
912 757 1 6 0
913 757 6 1 1
1166 757 1 11 0
1169 757 1 1 1
1170 757 2 11 0
235 758 3 10 0
239 758 1 1 0
240 758 1 1 1
241 758 1 10 0
247 758 1 1 1
310 758 1 10 0
311 758 3 1 1
314 758 3 10 0
480 758 39 10 0
519 758 1 1 1
529 758 6 1 0
535 758 1 1 1
768 758 135 10 0
903 758 1 1 1
913 758 6 1 0
919 758 1 1 1
1163 758 3 10 0
1167 758 1 1 0
1168 758 1 1 1
1169 758 1 10 0
1175 758 1 1 1
239 759 1 2 1
240 759 1 9 0
247 759 1 9 0
311 759 3 9 0
519 759 1 9 0
520 759 1 1 1
521 759 1 1 0
523 759 1 5 0
524 759 1 7 1
527 759 1 3 1
529 759 1 4 0
530 759 2 1 1
532 759 4 1 0
903 759 1 9 0
904 759 1 1 1
905 759 1 1 0
907 759 1 5 0
908 759 1 7 1
911 759 1 3 1
913 759 1 4 0
914 759 2 1 1
916 759 4 1 0
1167 759 1 2 1
1168 759 1 9 0
1175 759 1 9 0
520 760 1 2 0
521 760 1 2 1
530 760 2 8 0
532 760 1 1 1
533 760 3 8 0
904 760 1 2 0
905 760 1 2 1
914 760 2 8 0
916 760 1 1 1
917 760 3 8 0
239 761 1 7 0
532 761 1 7 0
916 761 1 7 0
1167 761 1 7 0
520 762 1 1 1
521 762 1 6 0
525 762 2 1 1
527 762 1 1 0
904 762 1 1 1
905 762 1 6 0
909 762 2 1 1
911 762 1 1 0
520 763 1 5 0
525 763 2 1 0
527 763 3 1 1
904 763 1 5 0
909 763 2 1 0
911 763 3 1 1
522 764 2 1 1
525 764 2 2 1
527 764 3 4 0
906 764 2 1 1
909 764 2 2 1
911 764 3 4 0
522 765 1 3 0
523 765 1 1 1
906 765 1 3 0
907 765 1 1 1
523 766 4 2 0
907 766 4 2 0
