0 0 832 64 0
832 0 30 2 1
992 0 32 768 1
1024 0 342 64 0
832 2 26 8 1
858 4 4 6 1
862 6 2 2 1
832 10 24 472 1
856 12 4 6 1
860 14 2 2 1
856 20 6 6 1
862 22 2 2 1
856 26 2 16 1
858 28 4 6 1
862 30 2 2 1
858 36 4 6 1
862 38 2 2 1
856 44 4 6 1
860 46 2 2 1
856 52 6 6 1
862 54 2 2 1
856 58 2 16 1
858 60 4 6 1
862 62 2 2 1
0 64 128 256 0
736 64 96 448 0
1024 64 96 416 0
1152 64 214 256 0
858 68 4 6 1
862 70 2 2 1
856 76 4 6 1
860 78 2 2 1
856 84 6 6 1
862 86 2 2 1
856 90 2 16 1
858 92 4 6 1
862 94 2 2 1
722 96 14 32 1
1120 96 32 384 0
718 98 4 30 1
712 100 6 24 1
858 100 4 6 1
706 102 6 6 1
862 102 2 2 1
704 104 2 2 1
856 108 4 6 1
708 110 4 6 1
860 110 2 2 1
706 112 2 2 1
856 116 6 6 1
706 118 6 6 1
862 118 2 2 1
704 120 2 2 1
856 122 2 16 1
714 124 4 2 1
858 124 4 6 1
862 126 2 2 1
858 132 4 6 1
862 134 2 2 1
856 140 4 6 1
860 142 2 2 1
856 148 6 6 1
862 150 2 2 1
856 154 2 16 1
858 156 4 6 1
862 158 2 2 1
722 160 14 32 1
718 162 4 30 1
712 164 6 24 1
858 164 4 6 1
706 166 6 6 1
862 166 2 2 1
704 168 2 2 1
856 172 4 6 1
708 174 4 6 1
860 174 2 2 1
706 176 2 2 1
856 180 6 6 1
706 182 6 6 1
862 182 2 2 1
704 184 2 2 1
856 186 2 16 1
714 188 4 2 1
858 188 4 6 1
862 190 2 2 1
858 196 4 6 1
862 198 2 2 1
856 204 4 6 1
860 206 2 2 1
856 212 6 6 1
862 214 2 2 1
856 218 2 16 1
858 220 4 6 1
862 222 2 2 1
166 224 2 32 1
182 224 2 32 1
262 224 2 32 1
278 224 2 32 1
358 224 2 32 1
374 224 2 32 1
454 224 2 32 1
470 224 2 32 1
550 224 2 32 1
566 224 2 32 1
722 224 14 32 1
164 226 2 30 1
168 226 2 30 1
174 226 2 30 1
180 226 2 30 1
184 226 2 30 1
260 226 2 30 1
264 226 2 30 1
270 226 2 30 1
276 226 2 30 1
280 226 2 30 1
356 226 2 30 1
360 226 2 30 1
366 226 2 30 1
372 226 2 30 1
376 226 2 30 1
452 226 2 30 1
456 226 2 30 1
462 226 2 30 1
468 226 2 30 1
472 226 2 30 1
548 226 2 30 1
552 226 2 30 1
558 226 2 30 1
564 226 2 30 1
568 226 2 30 1
718 226 4 30 1
172 228 2 28 1
176 228 2 28 1
268 228 2 28 1
272 228 2 28 1
364 228 2 28 1
368 228 2 28 1
460 228 2 28 1
464 228 2 28 1
556 228 2 28 1
560 228 2 28 1
712 228 6 24 1
858 228 4 6 1
706 230 6 6 1
862 230 2 2 1
170 232 2 24 1
178 232 2 24 1
186 232 2 24 1
266 232 2 24 1
274 232 2 24 1
282 232 2 24 1
362 232 2 24 1
370 232 2 24 1
378 232 2 24 1
458 232 2 24 1
466 232 2 24 1
474 232 2 24 1
554 232 2 24 1
562 232 2 24 1
570 232 2 24 1
704 232 2 2 1
162 234 2 22 1
258 234 2 22 1
354 234 2 22 1
450 234 2 22 1
546 234 2 22 1
856 236 4 6 1
160 238 2 18 1
188 238 2 18 1
256 238 2 18 1
284 238 2 18 1
352 238 2 18 1
380 238 2 18 1
448 238 2 18 1
476 238 2 18 1
544 238 2 18 1
572 238 2 18 1
708 238 4 6 1
860 238 2 2 1
706 240 2 2 1
190 242 2 14 1
286 242 2 14 1
382 242 2 14 1
478 242 2 14 1
574 242 2 14 1
856 244 6 6 1
706 246 6 6 1
862 246 2 2 1
704 248 2 2 1
856 250 2 16 1
714 252 4 2 1
858 252 4 6 1
862 254 2 2 1
128 256 448 64 0
858 260 4 6 1
862 262 2 2 1
856 268 4 6 1
860 270 2 2 1
856 276 6 6 1
862 278 2 2 1
856 282 2 16 1
858 284 4 6 1
862 286 2 2 1
722 288 14 32 1
718 290 4 30 1
712 292 6 24 1
858 292 4 6 1
706 294 6 6 1
862 294 2 2 1
704 296 2 2 1
856 300 4 6 1
708 302 4 6 1
860 302 2 2 1
706 304 2 2 1
856 308 6 6 1
706 310 6 6 1
862 310 2 2 1
704 312 2 2 1
856 314 2 16 1
714 316 4 2 1
858 316 4 6 1
862 318 2 2 1
1152 320 32 160 0
1316 320 50 32 1
1315 321 1 31 1
1314 322 1 30 1
1312 323 2 29 1
858 324 4 6 1
862 326 2 2 1
1305 327 1 1 1
1308 327 4 121 1
1306 328 2 120 1
1290 330 1 1 1
1305 330 1 118 1
1289 331 1 2 1
1303 331 2 117 1
856 332 4 6 1
1288 332 1 1 1
1294 332 1 1 1
860 334 2 2 1
1298 334 5 114 1
1295 335 3 113 1
1294 337 1 111 1
1293 338 1 110 1
1292 339 1 109 1
856 340 6 6 1
1291 341 1 107 1
862 342 2 2 1
1289 342 2 12 1
1287 345 2 1 1
856 346 2 16 1
1288 346 1 8 1
1287 347 1 7 1
858 348 4 6 1
862 350 2 2 1
1285 350 2 4 1
722 352 14 32 1
1284 352 1 2 1
1312 352 54 416 0
1283 353 1 1 1
718 354 4 30 1
1239 354 1 1 1
1271 354 1 1 1
1282 354 8 1 0
1290 354 1 94 1
1280 355 9 1 0
1289 355 1 93 1
712 356 6 24 1
858 356 4 6 1
1280 356 8 2 0
1288 356 1 92 1
706 358 6 6 1
862 358 2 2 1
1216 358 6 90 1
1224 358 1 90 1
1227 358 1 90 1
1230 358 1 90 1
1236 358 1 90 1
1248 358 6 90 1
1256 358 1 90 1
1259 358 1 90 1
1262 358 1 90 1
1268 358 1 90 1
1280 358 4 2 0
1284 358 4 90 1
1209 359 1 1 1
1212 359 4 153 1
1222 359 2 89 1
1225 359 2 89 1
1228 359 2 89 1
1231 359 5 89 1
1237 359 11 89 1
1254 359 2 89 1
1257 359 2 89 1
1260 359 2 89 1
1263 359 5 89 1
1269 359 11 89 1
704 360 2 2 1
1210 360 2 152 1
1280 360 2 2 0
1282 360 2 88 1
1194 362 1 1 1
1209 362 1 150 1
1280 362 2 86 1
1193 363 1 2 1
1207 363 2 149 1
856 364 4 6 1
1192 364 1 1 1
1198 364 1 1 1
708 366 4 6 1
860 366 2 2 1
1202 366 5 146 1
1199 367 3 145 1
706 368 2 2 1
1198 369 1 143 1
1197 370 1 142 1
1196 371 1 141 1
856 372 6 6 1
1195 373 1 139 1
706 374 6 6 1
862 374 2 2 1
1193 374 2 138 1
704 376 2 2 1
1191 377 2 1 1
856 378 2 16 1
1192 378 1 134 1
1191 379 1 133 1
714 380 4 2 1
858 380 4 6 1
862 382 2 2 1
1189 382 2 130 1
1188 385 1 127 1
1187 386 1 126 1
1184 387 3 125 1
858 388 4 6 1
862 390 2 2 1
856 396 4 6 1
860 398 2 2 1
856 404 6 6 1
862 406 2 2 1
856 410 2 16 1
858 412 4 6 1
862 414 2 2 1
390 416 2 32 1
406 416 2 32 1
486 416 2 32 1
502 416 2 32 1
582 416 2 32 1
598 416 2 32 1
678 416 2 32 1
694 416 2 32 1
388 418 2 30 1
392 418 2 30 1
398 418 2 30 1
404 418 2 30 1
408 418 2 30 1
484 418 2 30 1
488 418 2 30 1
494 418 2 30 1
500 418 2 30 1
504 418 2 30 1
580 418 2 30 1
584 418 2 30 1
590 418 2 30 1
596 418 2 30 1
600 418 2 30 1
676 418 2 30 1
680 418 2 30 1
686 418 2 30 1
692 418 2 30 1
696 418 2 30 1
396 420 2 28 1
400 420 2 28 1
492 420 2 28 1
496 420 2 28 1
588 420 2 28 1
592 420 2 28 1
684 420 2 28 1
688 420 2 28 1
858 420 4 6 1
862 422 2 2 1
394 424 2 24 1
402 424 2 24 1
410 424 2 24 1
490 424 2 24 1
498 424 2 24 1
506 424 2 24 1
586 424 2 24 1
594 424 2 24 1
602 424 2 24 1
682 424 2 24 1
690 424 2 24 1
698 424 2 24 1
386 426 2 22 1
482 426 2 22 1
578 426 2 22 1
674 426 2 22 1
856 428 4 6 1
384 430 2 18 1
412 430 2 18 1
480 430 2 18 1
508 430 2 18 1
576 430 2 18 1
604 430 2 18 1
672 430 2 18 1
700 430 2 18 1
860 430 2 2 1
414 434 2 14 1
510 434 2 14 1
606 434 2 14 1
702 434 2 14 1
856 436 6 6 1
862 438 2 2 1
856 442 2 16 1
858 444 4 6 1
862 446 2 2 1
352 448 384 64 0
1216 448 96 320 0
858 452 4 6 1
862 454 2 2 1
856 460 4 6 1
860 462 2 2 1
856 468 6 6 1
862 470 2 2 1
856 474 2 8 1
858 476 4 6 1
862 478 2 2 1
1024 480 64 288 0
1090 480 94 32 1
1089 481 1 287 1
832 482 22 26 1
1088 482 1 286 1
854 484 8 6 1
862 486 2 2 1
854 490 2 18 1
856 492 4 6 1
860 494 2 2 1
856 500 6 6 1
862 502 2 2 1
832 508 18 2 1
832 510 14 2 1
1090 512 62 256 1
1152 512 64 256 0
0 608 160 160 0
166 704 2 32 1
182 704 2 32 1
190 704 2 32 1
198 704 2 32 1
214 704 2 32 1
222 704 2 32 1
230 704 2 32 1
246 704 2 32 1
254 704 2 32 1
262 704 2 32 1
278 704 2 32 1
286 704 2 32 1
294 704 2 32 1
310 704 2 32 1
318 704 2 32 1
326 704 2 32 1
342 704 2 32 1
350 704 2 32 1
358 704 2 32 1
374 704 2 32 1
382 704 2 32 1
390 704 2 32 1
406 704 2 32 1
414 704 2 32 1
422 704 2 32 1
438 704 2 32 1
446 704 2 32 1
454 704 2 32 1
470 704 2 32 1
478 704 2 32 1
486 704 2 32 1
502 704 2 32 1
510 704 2 32 1
518 704 2 32 1
534 704 2 32 1
542 704 2 32 1
550 704 2 32 1
566 704 2 32 1
574 704 2 32 1
582 704 2 32 1
598 704 2 32 1
606 704 2 32 1
614 704 2 32 1
630 704 2 32 1
638 704 2 32 1
646 704 2 32 1
662 704 2 32 1
670 704 2 32 1
678 704 2 32 1
694 704 2 32 1
702 704 2 32 1
710 704 2 32 1
726 704 2 32 1
734 704 2 32 1
742 704 2 32 1
758 704 2 32 1
766 704 2 32 1
774 704 2 32 1
790 704 2 32 1
798 704 2 32 1
806 704 2 32 1
822 704 2 32 1
830 704 2 32 1
838 704 2 32 1
854 704 2 32 1
862 704 2 32 1
870 704 2 32 1
886 704 2 32 1
894 704 2 32 1
902 704 2 32 1
918 704 2 32 1
926 704 2 32 1
934 704 2 32 1
950 704 2 32 1
958 704 2 32 1
966 704 2 32 1
982 704 2 32 1
164 706 2 30 1
168 706 2 30 1
174 706 2 30 1
180 706 2 30 1
184 706 2 30 1
188 706 2 30 1
192 706 2 30 1
196 706 2 30 1
200 706 2 30 1
206 706 2 30 1
212 706 2 30 1
216 706 2 30 1
220 706 2 30 1
224 706 2 30 1
228 706 2 30 1
232 706 2 30 1
238 706 2 30 1
244 706 2 30 1
248 706 2 30 1
252 706 2 30 1
256 706 2 30 1
260 706 2 30 1
264 706 2 30 1
270 706 2 30 1
276 706 2 30 1
280 706 2 30 1
284 706 2 30 1
288 706 2 30 1
292 706 2 30 1
296 706 2 30 1
302 706 2 30 1
308 706 2 30 1
312 706 2 30 1
316 706 2 30 1
320 706 2 30 1
324 706 2 30 1
328 706 2 30 1
334 706 2 30 1
340 706 2 30 1
344 706 2 30 1
348 706 2 30 1
352 706 2 30 1
356 706 2 30 1
360 706 2 30 1
366 706 2 30 1
372 706 2 30 1
376 706 2 30 1
380 706 2 30 1
384 706 2 30 1
388 706 2 30 1
392 706 2 30 1
398 706 2 30 1
404 706 2 30 1
408 706 2 30 1
412 706 2 30 1
416 706 2 30 1
420 706 2 30 1
424 706 2 30 1
430 706 2 30 1
436 706 2 30 1
440 706 2 30 1
444 706 2 30 1
448 706 2 30 1
452 706 2 30 1
456 706 2 30 1
462 706 2 30 1
468 706 2 30 1
472 706 2 30 1
476 706 2 30 1
480 706 2 30 1
484 706 2 30 1
488 706 2 30 1
494 706 2 30 1
500 706 2 30 1
504 706 2 30 1
508 706 2 30 1
512 706 2 30 1
516 706 2 30 1
520 706 2 30 1
526 706 2 30 1
532 706 2 30 1
536 706 2 30 1
540 706 2 30 1
544 706 2 30 1
548 706 2 30 1
552 706 2 30 1
558 706 2 30 1
564 706 2 30 1
568 706 2 30 1
572 706 2 30 1
576 706 2 30 1
580 706 2 30 1
584 706 2 30 1
590 706 2 30 1
596 706 2 30 1
600 706 2 30 1
604 706 2 30 1
608 706 2 30 1
612 706 2 30 1
616 706 2 30 1
622 706 2 30 1
628 706 2 30 1
632 706 2 30 1
636 706 2 30 1
640 706 2 30 1
644 706 2 30 1
648 706 2 30 1
654 706 2 30 1
660 706 2 30 1
664 706 2 30 1
668 706 2 30 1
672 706 2 30 1
676 706 2 30 1
680 706 2 30 1
686 706 2 30 1
692 706 2 30 1
696 706 2 30 1
700 706 2 30 1
704 706 2 30 1
708 706 2 30 1
712 706 2 30 1
718 706 2 30 1
724 706 2 30 1
728 706 2 30 1
732 706 2 30 1
736 706 2 30 1
740 706 2 30 1
744 706 2 30 1
750 706 2 30 1
756 706 2 30 1
760 706 2 30 1
764 706 2 30 1
768 706 2 30 1
772 706 2 30 1
776 706 2 30 1
782 706 2 30 1
788 706 2 30 1
792 706 2 30 1
796 706 2 30 1
800 706 2 30 1
804 706 2 30 1
808 706 2 30 1
814 706 2 30 1
820 706 2 30 1
824 706 2 30 1
828 706 2 30 1
832 706 2 30 1
836 706 2 30 1
840 706 2 30 1
846 706 2 30 1
852 706 2 30 1
856 706 2 30 1
860 706 2 30 1
864 706 2 30 1
868 706 2 30 1
872 706 2 30 1
878 706 2 30 1
884 706 2 30 1
888 706 2 30 1
892 706 2 30 1
896 706 2 30 1
900 706 2 30 1
904 706 2 30 1
910 706 2 30 1
916 706 2 30 1
920 706 2 30 1
924 706 2 30 1
928 706 2 30 1
932 706 2 30 1
936 706 2 30 1
942 706 2 30 1
948 706 2 30 1
952 706 2 30 1
956 706 2 30 1
960 706 2 30 1
964 706 2 30 1
968 706 2 30 1
974 706 2 30 1
980 706 2 30 1
984 706 2 30 1
172 708 2 28 1
176 708 2 28 1
204 708 2 28 1
208 708 2 28 1
236 708 2 28 1
240 708 2 28 1
268 708 2 28 1
272 708 2 28 1
300 708 2 28 1
304 708 2 28 1
332 708 2 28 1
336 708 2 28 1
364 708 2 28 1
368 708 2 28 1
396 708 2 28 1
400 708 2 28 1
428 708 2 28 1
432 708 2 28 1
460 708 2 28 1
464 708 2 28 1
492 708 2 28 1
496 708 2 28 1
524 708 2 28 1
528 708 2 28 1
556 708 2 28 1
560 708 2 28 1
588 708 2 28 1
592 708 2 28 1
620 708 2 28 1
624 708 2 28 1
652 708 2 28 1
656 708 2 28 1
684 708 2 28 1
688 708 2 28 1
716 708 2 28 1
720 708 2 28 1
748 708 2 28 1
752 708 2 28 1
780 708 2 28 1
784 708 2 28 1
812 708 2 28 1
816 708 2 28 1
844 708 2 28 1
848 708 2 28 1
876 708 2 28 1
880 708 2 28 1
908 708 2 28 1
912 708 2 28 1
940 708 2 28 1
944 708 2 28 1
972 708 2 28 1
976 708 2 28 1
186 710 2 26 1
194 710 2 26 1
218 710 2 26 1
226 710 2 26 1
250 710 2 26 1
258 710 2 26 1
282 710 2 26 1
290 710 2 26 1
314 710 2 26 1
322 710 2 26 1
346 710 2 26 1
354 710 2 26 1
378 710 2 26 1
386 710 2 26 1
410 710 2 26 1
418 710 2 26 1
442 710 2 26 1
450 710 2 26 1
474 710 2 26 1
482 710 2 26 1
506 710 2 26 1
514 710 2 26 1
538 710 2 26 1
546 710 2 26 1
570 710 2 26 1
578 710 2 26 1
602 710 2 26 1
610 710 2 26 1
634 710 2 26 1
642 710 2 26 1
666 710 2 26 1
674 710 2 26 1
698 710 2 26 1
706 710 2 26 1
730 710 2 26 1
738 710 2 26 1
762 710 2 26 1
770 710 2 26 1
794 710 2 26 1
802 710 2 26 1
826 710 2 26 1
834 710 2 26 1
858 710 2 26 1
866 710 2 26 1
890 710 2 26 1
898 710 2 26 1
922 710 2 26 1
930 710 2 26 1
954 710 2 26 1
170 712 2 24 1
178 712 2 24 1
202 712 2 24 1
210 712 2 24 1
234 712 2 24 1
242 712 2 24 1
266 712 2 24 1
274 712 2 24 1
298 712 2 24 1
306 712 2 24 1
330 712 2 24 1
338 712 2 24 1
362 712 2 24 1
370 712 2 24 1
394 712 2 24 1
402 712 2 24 1
426 712 2 24 1
434 712 2 24 1
458 712 2 24 1
466 712 2 24 1
490 712 2 24 1
498 712 2 24 1
522 712 2 24 1
530 712 2 24 1
554 712 2 24 1
562 712 2 24 1
586 712 2 24 1
594 712 2 24 1
618 712 2 24 1
626 712 2 24 1
650 712 2 24 1
658 712 2 24 1
682 712 2 24 1
690 712 2 24 1
714 712 2 24 1
722 712 2 24 1
746 712 2 24 1
754 712 2 24 1
778 712 2 24 1
786 712 2 24 1
810 712 2 24 1
818 712 2 24 1
842 712 2 24 1
850 712 2 24 1
874 712 2 24 1
882 712 2 24 1
906 712 2 24 1
914 712 2 24 1
938 712 2 24 1
946 712 2 24 1
970 712 2 24 1
978 712 2 24 1
986 712 2 24 1
162 714 2 22 1
962 714 2 22 1
160 718 2 18 1
988 718 2 18 1
990 722 2 14 1
160 736 832 32 0
