1026 416 340 14 0
1028 430 338 6 0
1028 436 20 2 0
1072 436 128 2 0
1232 436 128 2 0
1032 438 16 4 0
1074 438 124 2 0
1234 438 124 2 0
1076 440 120 2 0
1236 440 120 2 0
1086 442 100 2 0
1246 442 100 2 0
1090 444 92 2 0
1250 444 92 2 0
1092 446 88 2 0
1252 446 88 2 0
1096 448 80 4 0
1256 448 80 4 0
1098 452 76 2 0
1258 452 76 2 0
1100 454 72 2 0
1260 454 72 2 0
1102 456 68 4 0
1262 456 68 4 0
1104 460 64 12 0
1264 460 64 12 0
1106 472 60 2 0
1266 472 60 2 0
1108 474 58 2 0
1268 474 58 2 0
1108 476 56 2 0
1268 476 56 2 0
1112 478 50 2 0
1272 478 50 2 0
1114 480 44 8 0
1274 480 44 8 0
1116 488 40 2 0
1276 488 40 2 0
1120 490 32 278 0
1280 490 32 278 0
0 512 350 14 0
0 526 348 6 0
16 532 128 2 0
176 532 128 2 0
328 532 20 2 0
18 534 124 2 0
178 534 124 2 0
328 534 16 4 0
20 536 120 2 0
180 536 120 2 0
30 538 100 2 0
190 538 100 2 0
34 540 92 2 0
194 540 92 2 0
36 542 88 2 0
196 542 88 2 0
40 544 80 4 0
200 544 80 4 0
42 548 76 2 0
202 548 76 2 0
44 550 72 2 0
204 550 72 2 0
46 552 68 4 0
206 552 68 4 0
48 556 64 12 0
208 556 64 12 0
50 568 60 2 0
210 568 60 2 0
52 570 58 2 0
212 570 58 2 0
52 572 56 2 0
212 572 56 2 0
56 574 50 2 0
216 574 50 2 0
58 576 44 8 0
218 576 44 8 0
60 584 40 2 0
220 584 40 2 0
64 586 32 182 0
224 586 32 182 0
