832 0 32 512 0
1056 0 310 32 0
1088 32 278 32 0
1152 64 214 32 0
1184 96 182 32 0
1280 128 86 32 0
1312 160 54 32 0
526 256 68 24 0
542 280 36 8 0
544 288 32 480 0
0 416 190 14 0
0 430 188 6 0
16 436 128 2 0
168 436 20 2 0
18 438 124 2 0
168 438 16 4 0
20 440 120 2 0
30 442 100 2 0
34 444 92 2 0
36 446 88 2 0
40 448 80 4 0
42 452 76 2 0
44 454 72 2 0
46 456 68 4 0
48 460 64 12 0
50 472 60 2 0
52 474 58 2 0
52 476 56 2 0
56 478 50 2 0
58 480 44 8 0
830 480 2 32 0
864 480 2 32 0
60 488 40 2 0
814 488 16 24 0
866 488 16 24 0
64 490 32 278 0
1280 608 86 160 0
1216 640 64 128 0
1184 672 32 96 0
1120 704 64 64 0
1056 736 64 32 0
